45.8170 126.5208 150.0000 100 100 100 100 7 10 10 10 10 10 10 10 10 10 10 100 0 0.1 
45.7959 126.5050 150.0000 100 100 100 100 7 10 10 10 10 10 10 10 10 10 10 100 0 0.2 
45.8193 126.5120 150.0000 100 100 100 100 7 10 10 10 10 10 10 10 10 10 10 100 0 0.3 
45.8183 126.5265 150.0000 100 100 100 100 7 10 10 10 10 10 10 10 10 10 10 100 0 0.4 
45.7950 126.5094 150.0000 100 100 100 100 7 10 10 10 10 10 10 10 10 10 10 100 0 0.5 
45.8002 126.5074 150.0000 100 100 100 100 7 10 10 10 10 10 10 10 10 10 10 100 0 0.6 
45.8046 126.5284 150.0000 100 100 100 100 7 10 10 10 10 10 10 10 10 10 10 100 0 0.7 
45.8078 126.5283 150.0000 100 100 100 100 7 10 10 10 10 10 10 10 10 10 10 100 0 0.8 
45.8241 126.5228 150.0000 100 100 100 100 7 10 10 10 10 10 10 10 10 10 10 100 0 0.9 
45.8066 126.5183 150.0000 100 100 100 100 7 10 10 10 10 10 10 10 10 10 10 100 0 1.0 
45.8169 126.5223 150.0000 100 100 100 100 7 10 10 10 10 10 10 10 10 10 10 100 1 0.0 
45.8134 126.5055 150.0000 100 100 100 100 7 10 10 10 10 10 10 10 10 10 10 100 1 0.0 
45.8109 126.5091 150.0000 100 100 100 100 7 10 10 10 10 10 10 10 10 10 10 100 1 0.0 
45.8023 126.5095 150.0000 100 100 100 100 7 10 10 10 10 10 10 10 10 10 10 100 1 0.0 
45.8024 126.5056 150.0000 100 100 100 100 7 10 10 10 10 10 10 10 10 10 10 100 1 0.0 
45.8044 126.5129 150.0000 100 100 100 100 7 10 10 10 10 10 10 10 10 10 10 100 1 0.0 
45.8083 126.5098 150.0000 100 100 100 100 7 10 10 10 10 10 10 10 10 10 10 100 1 0.0 
45.8213 126.5065 150.0000 100 100 100 100 7 10 10 10 10 10 10 10 10 10 10 100 1 0.0 
45.8230 126.5120 150.0000 100 100 100 100 7 10 10 10 10 10 10 10 10 10 10 100 1 0.0 
45.8220 126.5263 150.0000 100 100 100 100 7 10 10 10 10 10 10 10 10 10 10 100 1 0.0 
45.8113 126.5170 150.0000 100 100 100 100 7 10 10 10 10 10 10 10 10 10 10 100 1 0.0 
45.8224 126.5249 150.0000 100 100 100 100 7 10 10 10 10 10 10 10 10 10 10 100 1 0.0 
45.8143 126.5078 150.0000 100 100 100 100 7 10 10 10 10 10 10 10 10 10 10 100 1 0.0 
45.8041 126.5208 150.0000 100 100 100 100 7 10 10 10 10 10 10 10 10 10 10 100 1 0.0 
45.7932 126.5180 150.0000 100 100 100 100 7 10 10 10 10 10 10 10 10 10 10 100 1 0.0 
45.8058 126.5111 150.0000 100 100 100 100 7 10 10 10 10 10 10 10 10 10 10 100 1 0.0 
45.8152 126.5299 150.0000 100 100 100 100 7 10 10 10 10 10 10 10 10 10 10 100 1 0.0 
45.8145 126.5193 150.0000 100 100 100 100 7 10 10 10 10 10 10 10 10 10 10 100 1 0.0 
45.7963 126.5298 150.0000 100 100 100 100 7 10 10 10 10 10 10 10 10 10 10 100 1 0.0 
45.7994 126.5070 150.0000 100 100 100 100 7 10 10 10 10 10 10 10 10 10 10 100 1 0.0 
45.8136 126.5147 150.0000 100 100 100 100 7 10 10 10 10 10 10 10 10 10 10 100 1 0.0 
45.8185 126.5109 150.0000 100 100 100 100 7 10 10 10 10 10 10 10 10 10 10 100 1 0.0 
45.8127 126.5284 150.0000 100 100 100 100 7 10 10 10 10 10 10 10 10 10 10 100 1 0.0 
45.8002 126.5166 150.0000 100 100 100 100 7 10 10 10 10 10 10 10 10 10 10 100 1 0.0 
45.7953 126.5053 150.0000 100 100 100 100 7 10 10 10 10 10 10 10 10 10 10 100 1 0.0 
45.8121 126.5103 150.0000 100 100 100 100 7 10 10 10 10 10 10 10 10 10 10 100 1 0.0 
45.8136 126.5167 150.0000 100 100 100 100 7 10 10 10 10 10 10 10 10 10 10 100 1 0.0 
45.8074 126.5052 150.0000 100 100 100 100 7 10 10 10 10 10 10 10 10 10 10 100 1 0.0 
45.7979 126.5213 150.0000 100 100 100 100 7 10 10 10 10 10 10 10 10 10 10 100 1 0.0 
45.8025 126.5269 150.0000 100 100 100 100 7 10 10 10 10 10 10 10 10 10 10 100 1 0.0 
45.8122 126.5237 150.0000 100 100 100 100 7 10 10 10 10 10 10 10 10 10 10 100 1 0.0 
45.8158 126.5181 150.0000 100 100 100 100 7 10 10 10 10 10 10 10 10 10 10 100 1 0.0 
45.8129 126.5125 150.0000 100 100 100 100 7 10 10 10 10 10 10 10 10 10 10 100 1 0.0 
45.8176 126.5054 150.0000 100 100 100 100 7 10 10 10 10 10 10 10 10 10 10 100 1 0.0 
45.8000 126.5123 150.0000 100 100 100 100 7 10 10 10 10 10 10 10 10 10 10 100 1 0.0 
45.8177 126.5153 150.0000 100 100 100 100 7 10 10 10 10 10 10 10 10 10 10 100 1 0.0 
45.8161 126.5198 150.0000 100 100 100 100 7 10 10 10 10 10 10 10 10 10 10 100 1 0.0 
45.8169 126.5244 150.0000 100 100 100 100 7 10 10 10 10 10 10 10 10 10 10 100 1 0.0 
45.7935 126.5168 150.0000 100 100 100 100 7 10 10 10 10 10 10 10 10 10 10 100 1 0.0 
45.8237 126.5192 150.0000 100 100 100 100 7 10 10 10 10 10 10 10 10 10 10 100 1 0.0 
45.7998 126.5228 150.0000 100 100 100 100 7 10 10 10 10 10 10 10 10 10 10 100 1 0.0 
45.8187 126.5126 150.0000 100 100 100 100 7 10 10 10 10 10 10 10 10 10 10 100 1 0.0 
45.8021 126.5170 150.0000 100 100 100 100 7 10 10 10 10 10 10 10 10 10 10 100 1 0.0 
45.8110 126.5066 150.0000 100 100 100 100 7 10 10 10 10 10 10 10 10 10 10 100 1 0.0 
45.8005 126.5143 150.0000 100 100 100 100 7 10 10 10 10 10 10 10 10 10 10 100 1 0.0 
45.7973 126.5168 150.0000 100 100 100 100 7 10 10 10 10 10 10 10 10 10 10 100 1 0.0 
45.8020 126.5260 150.0000 100 100 100 100 7 10 10 10 10 10 10 10 10 10 10 100 1 0.0 
45.8229 126.5295 150.0000 100 100 100 100 7 10 10 10 10 10 10 10 10 10 10 100 1 0.0 
45.8185 126.5089 150.0000 100 100 100 100 7 10 10 10 10 10 10 10 10 10 10 100 1 0.0 
45.8108 126.5169 150.0000 100 100 100 100 7 10 10 10 10 10 10 10 10 10 10 100 1 0.0 
45.8216 126.5059 150.0000 100 100 100 100 7 10 10 10 10 10 10 10 10 10 10 100 1 0.0 
45.8097 126.5051 150.0000 100 100 100 100 7 10 10 10 10 10 10 10 10 10 10 100 1 0.0 
45.8071 126.5061 150.0000 100 100 100 100 7 10 10 10 10 10 10 10 10 10 10 100 1 0.0 
45.8087 126.5228 150.0000 100 100 100 100 7 10 10 10 10 10 10 10 10 10 10 100 1 0.0 
45.8107 126.5215 150.0000 100 100 100 100 7 10 10 10 10 10 10 10 10 10 10 100 1 0.0 
45.8005 126.5111 150.0000 100 100 100 100 7 10 10 10 10 10 10 10 10 10 10 100 1 0.0 
45.7972 126.5237 150.0000 100 100 100 100 7 10 10 10 10 10 10 10 10 10 10 100 1 0.0 
45.8091 126.5227 150.0000 100 100 100 100 7 10 10 10 10 10 10 10 10 10 10 100 1 0.0 
45.8170 126.5193 150.0000 100 100 100 100 7 10 10 10 10 10 10 10 10 10 10 100 1 0.0 
45.7991 126.5082 150.0000 100 100 100 100 7 10 10 10 10 10 10 10 10 10 10 100 1 0.0 
45.8233 126.5230 150.0000 100 100 100 100 7 10 10 10 10 10 10 10 10 10 10 100 1 0.0 
45.8131 126.5273 150.0000 100 100 100 100 7 10 10 10 10 10 10 10 10 10 10 100 1 0.0 
45.8219 126.5083 150.0000 100 100 100 100 7 10 10 10 10 10 10 10 10 10 10 100 1 0.0 
45.7942 126.5266 150.0000 100 100 100 100 7 10 10 10 10 10 10 10 10 10 10 100 1 0.0 
45.8063 126.5153 150.0000 100 100 100 100 7 10 10 10 10 10 10 10 10 10 10 100 1 0.0 
45.8084 126.5192 150.0000 100 100 100 100 7 10 10 10 10 10 10 10 10 10 10 100 1 0.0 
45.7994 126.5077 150.0000 100 100 100 100 7 10 10 10 10 10 10 10 10 10 10 100 1 0.0 
45.8200 126.5235 150.0000 100 100 100 100 7 10 10 10 10 10 10 10 10 10 10 100 1 0.0 
45.8154 126.5161 150.0000 100 100 100 100 7 10 10 10 10 10 10 10 10 10 10 100 1 0.0 
45.8222 126.5245 150.0000 100 100 100 100 7 10 10 10 10 10 10 10 10 10 10 100 1 0.0 
45.8155 126.5147 150.0000 100 100 100 100 7 10 10 10 10 10 10 10 10 10 10 100 1 0.0 
45.8191 126.5190 150.0000 100 100 100 100 7 10 10 10 10 10 10 10 10 10 10 100 1 0.0 
45.7938 126.5065 150.0000 100 100 100 100 7 10 10 10 10 10 10 10 10 10 10 100 1 0.0 
45.8206 126.5238 150.0000 100 100 100 100 7 10 10 10 10 10 10 10 10 10 10 100 1 0.0 
45.8091 126.5200 150.0000 100 100 100 100 7 10 10 10 10 10 10 10 10 10 10 100 1 0.0 
45.8242 126.5050 150.0000 100 100 100 100 7 10 10 10 10 10 10 10 10 10 10 100 1 0.0 
45.8126 126.5079 150.0000 100 100 100 100 7 10 10 10 10 10 10 10 10 10 10 100 1 0.0 
45.8131 126.5092 150.0000 100 100 100 100 7 10 10 10 10 10 10 10 10 10 10 100 1 0.0 
45.8244 126.5273 150.0000 100 100 100 100 7 10 10 10 10 10 10 10 10 10 10 100 1 0.0 
45.8180 126.5139 150.0000 100 100 100 100 7 10 10 10 10 10 10 10 10 10 10 100 1 0.0 
45.7977 126.5062 150.0000 100 100 100 100 7 10 10 10 10 10 10 10 10 10 10 100 1 0.0 
45.8017 126.5211 150.0000 100 100 100 100 7 10 10 10 10 10 10 10 10 10 10 100 1 0.0 
45.8234 126.5226 150.0000 100 100 100 100 7 10 10 10 10 10 10 10 10 10 10 100 1 0.0 
45.8217 126.5150 150.0000 100 100 100 100 7 10 10 10 10 10 10 10 10 10 10 100 1 0.0 
45.7939 126.5295 150.0000 100 100 100 100 7 10 10 10 10 10 10 10 10 10 10 100 1 0.0 
45.8191 126.5086 150.0000 100 100 100 100 7 10 10 10 10 10 10 10 10 10 10 100 1 0.0 
45.8166 126.5073 150.0000 100 100 100 100 7 10 10 10 10 10 10 10 10 10 10 100 1 0.0 
45.8224 126.5282 150.0000 100 100 100 100 7 10 10 10 10 10 10 10 10 10 10 100 1 0.0 
45.8137 126.5102 150.0000 100 100 100 100 7 10 10 10 10 10 10 10 10 10 10 100 1 0.0 
45.8229 126.5265 150.0000 100 100 100 100 7 10 10 10 10 10 10 10 10 10 10 100 1 0.0 
