45.8241 126.5158 60.1882 9 89 15 36 4 10 1 2 1 10 0 22 0 0 53 100 0 1
45.8152 126.5153 119.1242 66 85 30 25 3 10 1 2 1 10 0 34 1 0 55 100 0 1
45.8057 126.5246 84.4964 79 87 68 20 2 10 3 2 1 10 0 13 1 1 44 100 0 1
45.8154 126.5073 83.2167 88 88 69 36 4 10 4 2 1 10 0 64 1 0 32 100 0 1
45.8012 126.5248 64.3144 27 79 42 47 4 10 3 2 1 10 1 76 0 0 88 100 0 1 
45.8061 126.5107 103.2258 80 95 21 29 3 10 2 1 1 10 0 92 1 1 24 100 0 1
45.8020 126.5190 89.4414 4 85 64 40 3 10 3 2 1 10 0 33 0 0 21 100 0 1
45.8123 126.5145 134.3473 52 86 86 43 1 10 3 1 1 10 1 40 1 1 89 100 0 1
45.7957 126.5219 43.3784 54 87 48 41 2 10 2 2 1 10 1 3 1 1 98 100 1 0
45.8076 126.5292 60.7782 74 96 24 1 1 10 1 1 1 10 0 93 0 0 77 100 1 0
45.8095 126.5132 129.0852 87 96 35 31 2 10 4 2 1 10 0 66 0 0 53 100 1 0
45.8186 126.5116 89.0656 39 82 99 46 1 10 3 2 1 10 0 73 0 0 33 100 1 0.0 
45.8239 126.5201 57.6993 17 88 91 15 3 10 1 2 1 10 0 87 1 1 8 100 1 0.0 
45.8043 126.5234 85.9384 25 85 1 29 2 10 4 1 1 10 1 90 0 1 95 100 1 0.0 
45.7975 126.5168 62.7893 8 70 18 45 2 10 1 1 1 10 0 9 0 1 27 100 1 0.0 
45.8126 126.5198 122.0143 27 87 42 10 3 10 2 1 1 10 1 3 0 0 17 100 1 0.0 
45.8011 126.5153 86.5618 67 84 23 11 2 10 3 2 1 10 0 79 0 1 68 100 1 0.0 
45.8120 126.5253 87.7179 3 85 7 5 1 10 1 2 1 10 0 77 0 0 82 100 1 0.0 
45.8169 126.5253 75.7836 6 95 48 4 2 10 2 2 1 10 1 65 1 0 93 100 1 0.0 
45.7940 126.5201 36.1364 20 80 8 28 1 10 2 2 1 10 1 15 0 0 85 100 1 0.0 
45.8136 126.5132 121.9388 40 78 43 48 1 10 1 1 1 10 0 88 0 1 28 100 1 0.0 
45.8196 126.5150 89.7958 4 89 13 44 1 10 1 1 1 10 0 17 0 1 12 100 1 0.0 
45.8155 126.5156 117.2566 23 86 99 18 1 10 3 2 1 10 0 44 0 0 17 100 1 0.0 
45.8221 126.5094 61.4084 4 72 18 43 4 10 4 2 1 10 0 53 0 1 33 100 1 0.0 
45.8067 126.5292 58.9907 49 81 1 49 1 10 4 2 1 10 0 56 0 0 97 100 1 0.0 
45.8177 126.5228 85.1686 66 87 79 10 3 10 3 1 1 10 0 85 0 0 55 100 1 0.0 
45.8141 126.5068 83.7690 19 86 34 17 4 10 3 2 1 10 1 91 1 1 70 100 1 0.0 
45.8049 126.5135 108.1440 50 98 84 35 3 10 3 2 1 10 0 24 1 1 74 100 1 0.0 
45.7964 126.5085 42.6565 54 93 28 43 4 10 3 1 1 10 0 95 0 0 89 100 1 0.0 
45.8059 126.5188 114.2157 45 87 24 37 2 10 2 2 1 10 0 41 0 0 71 100 1 0.0 
45.8118 126.5120 121.6873 53 78 22 34 4 10 4 1 1 10 0 16 1 0 40 100 1 0.0 
45.8219 126.5223 64.3732 30 82 64 20 2 10 1 2 1 10 1 47 1 0 30 100 1 0.0 
45.8185 126.5101 84.0931 96 70 83 36 1 10 1 1 1 10 1 27 1 0 26 100 1 0.0 
45.7954 126.5075 33.7055 2 89 82 36 4 10 4 2 1 10 1 80 0 1 26 100 1 0.0 
45.7964 126.5119 51.5354 4 89 98 14 4 10 3 1 1 10 0 15 0 0 35 100 1 0.0 
45.8103 126.5251 90.0244 50 91 68 2 3 10 1 1 1 10 0 44 0 0 73 100 1 0.0 
45.8155 126.5175 115.9254 71 74 69 38 4 10 2 1 1 10 1 98 1 0 81 100 1 0.0 
45.8230 126.5183 66.4724 7 79 79 24 3 10 1 1 1 10 1 43 0 0 2 100 1 0.0 
45.8202 126.5257 59.6269 96 92 73 34 3 10 2 2 1 10 1 1 0 0 85 100 1 0.0 
45.8075 126.5234 97.4259 3 86 81 29 2 10 3 1 1 10 0 96 0 1 99 100 1 0.0 
45.7999 126.5253 56.2819 58 93 65 26 4 10 1 1 1 10 1 71 0 0 27 100 1 0.0 
45.8238 126.5199 58.7540 82 89 98 20 2 10 1 1 1 10 1 27 1 0 62 100 1 0.0 
45.7969 126.5165 58.6076 7 86 39 40 1 10 4 1 1 10 1 67 0 1 5 100 1 0.0 
45.8115 126.5148 139.5132 80 83 21 39 3 10 1 2 1 10 1 9 1 1 30 100 1 0.0 
45.8038 126.5161 104.8657 52 79 62 9 3 10 3 1 1 10 0 22 0 0 35 100 1 0.0 
45.8035 126.5189 99.6276 72 80 99 18 3 10 2 2 1 10 1 26 0 1 87 100 1 0.0 
45.7957 126.5177 50.0747 76 93 8 14 2 10 1 1 1 10 1 97 0 1 71 100 1 0.0 
45.7987 126.5072 51.2082 76 87 39 8 4 10 2 2 1 10 1 99 1 1 91 100 1 0.0 
45.7953 126.5138 46.8944 46 70 13 35 1 10 4 2 1 10 0 27 1 0 83 100 1 0.0 
45.8013 126.5237 70.1427 35 98 84 18 1 10 4 2 1 10 1 55 1 0 29 100 1 0.0 
45.8229 126.5117 63.1018 12 75 75 34 4 10 1 1 1 10 1 13 1 0 69 100 1 0.0 
45.8096 126.5240 96.7077 56 95 46 46 1 10 4 1 1 10 1 65 1 0 95 100 1 0.0 
45.8045 126.5163 109.5712 76 85 4 4 3 10 1 1 1 10 1 3 1 0 37 100 1 0.0 
45.8201 126.5172 86.2638 52 81 22 16 4 10 3 2 1 10 0 79 1 1 22 100 1 0.0 
45.8135 126.5206 114.5273 27 91 75 44 4 10 1 1 1 10 1 36 1 1 55 100 1 0.0 
45.8227 126.5181 68.4942 97 84 67 32 3 10 2 2 1 10 1 97 1 1 97 100 1 0.0 
45.8000 126.5276 45.8237 63 72 14 19 1 10 1 1 1 10 0 80 0 1 48 100 1 0.0 
45.8058 126.5085 90.4221 29 83 89 30 3 10 2 1 1 10 1 46 0 0 52 100 1 0.0 
45.8189 126.5152 94.1695 88 94 19 30 1 10 1 1 1 10 0 56 0 0 24 100 1 0.0 
45.8108 126.5084 99.0602 1 92 93 22 2 10 3 1 1 10 1 14 1 1 61 100 1 0.0 
45.8090 126.5230 102.8615 41 89 27 22 3 10 3 2 1 10 0 4 0 0 92 100 1 0.0 
45.8102 126.5290 63.9077 58 90 82 46 3 10 3 1 1 10 0 49 1 1 42 100 1 0.0 
45.8235 126.5060 40.9139 60 86 82 45 2 10 2 1 1 10 0 40 0 1 37 100 1 0.0 
45.8197 126.5128 85.7203 51 83 37 6 2 10 3 1 1 10 1 41 1 1 26 100 1 0.0 
45.8078 126.5164 131.0514 23 93 89 31 4 10 1 1 1 10 0 30 1 1 75 100 1 0.0 
45.8023 126.5189 91.4686 85 87 41 13 1 10 2 2 1 10 1 49 0 1 28 100 1 0.0 
45.8097 126.5225 107.0924 25 74 69 10 1 10 2 2 1 10 0 49 1 1 83 100 1 0.0 
45.8009 126.5094 71.6823 83 97 35 28 3 10 2 1 1 10 0 22 0 1 93 100 1 0.0 
45.8095 126.5065 85.8052 67 100 9 37 3 10 3 1 1 10 0 1 1 0 40 100 1 0.0 
45.8147 126.5088 94.3441 38 97 10 36 2 10 4 1 1 10 1 64 1 1 82 100 1 0.0 
45.8083 126.5236 97.5693 67 97 54 38 4 10 2 2 1 10 1 47 1 1 31 100 1 0.0 
45.8094 126.5127 125.7794 10 100 93 13 4 10 4 1 1 10 1 50 1 1 76 100 1 0.0 
45.8017 126.5134 88.1694 73 100 65 42 1 10 4 2 1 10 1 92 0 1 23 100 1 0.0 
45.8091 126.5248 91.2587 39 72 87 9 4 10 4 2 1 10 1 88 1 0 72 100 1 0.0 
45.7965 126.5194 53.7654 66 95 78 8 4 10 4 2 1 10 1 38 0 0 63 100 1 0.0 
45.8049 126.5281 61.4860 57 74 44 30 3 10 3 2 1 10 0 69 1 0 58 100 1 0.0 
45.8150 126.5127 112.9579 88 78 66 20 3 10 3 2 1 10 0 90 1 0 1 100 1 0.0 
45.7964 126.5230 44.9233 77 95 66 43 4 10 2 2 1 10 0 2 0 1 16 100 1 0.0 
45.8205 126.5204 78.2282 70 92 79 17 1 10 3 2 1 10 1 46 0 0 81 100 1 0.0 
45.8226 126.5126 67.1911 100 91 100 5 1 10 2 2 1 10 1 89 0 1 83 100 1 0.0 
45.8030 126.5118 91.9897 99 87 52 21 3 10 1 1 1 10 1 21 0 1 6 100 1 0.0 
45.7999 126.5272 47.4998 37 99 40 21 1 10 4 1 1 10 0 56 0 0 62 100 1 0.0 
45.8050 126.5231 90.1811 67 95 38 8 2 10 1 1 1 10 0 66 1 0 69 100 1 0.0 
45.7936 126.5095 28.3901 28 70 61 30 2 10 3 2 1 10 1 68 1 0 57 100 1 0.0 
45.8110 126.5053 78.1768 62 94 1 16 2 10 3 2 1 10 1 66 1 1 22 100 1 0.0 
45.7931 126.5121 30.7977 68 98 45 29 2 10 2 2 1 10 0 97 1 0 82 100 1 0.0 
45.8218 126.5233 61.2179 11 85 78 37 3 10 4 1 1 10 1 98 0 1 66 100 1 0.0 
45.8195 126.5252 65.2033 85 83 71 22 3 10 3 2 1 10 0 40 1 0 75 100 1 0.0 
45.8135 126.5052 74.5957 6 94 83 48 2 10 4 2 1 10 0 6 0 1 41 100 1 0.0 
45.8076 126.5132 122.5529 42 94 18 20 3 10 4 2 1 10 1 37 0 1 43 100 1 0.0 
45.7994 126.5296 33.2992 14 76 4 38 4 10 1 1 1 10 0 45 1 0 91 100 1 0.0 
45.8201 126.5139 84.8464 7 75 60 49 2 10 3 1 1 10 0 91 1 0 40 100 1 0.0 
45.8053 126.5088 90.1940 26 78 80 29 1 10 3 2 1 10 0 14 1 1 17 100 1 0.0 
45.8174 126.5113 94.4218 40 100 57 35 3 10 3 1 1 10 1 28 0 0 36 100 1 0.0 
45.8082 126.5280 69.1683 72 80 2 22 4 10 4 2 1 10 0 49 0 0 64 100 1 0.0 
45.7984 126.5242 52.4364 46 97 10 40 4 10 4 2 1 10 0 25 1 0 99 100 1 0.0 
45.8107 126.5234 101.4645 31 93 6 19 2 10 3 1 1 10 1 59 0 0 50 100 1 0.0 
45.7934 126.5068 20.1964 63 82 53 18 2 10 2 1 1 10 0 1 1 1 46 100 1 0.0 
45.7931 126.5073 20.0000 51 95 10 1 1 10 4 1 1 10 0 34 1 0 82 100 1 0.0 
45.8108 126.5212 115.9669 14 98 21 19 3 10 3 1 1 10 0 61 1 0 74 100 1 0.0 
