45.8064 126.5282 73.2460 68 81 72 24 4 10 1 1 1 10 0 26 1 1 55 74 0 0.1 
45.7990 126.5067 60.4252 87 93 75 26 2 10 3 1 1 10 0 87 0 1 97 49 0 0.1 
45.8083 126.5215 114.8817 63 89 89 24 1 10 1 2 1 10 1 15 1 1 3 3 0 0.2 
45.7960 126.5151 61.9953 71 87 90 49 4 10 4 2 1 10 0 82 1 0 83 54 0 0.2 
45.8020 126.5217 88.5168 84 80 65 3 1 10 3 1 1 10 1 32 0 1 39 26 0 0.3 
45.7952 126.5188 56.2143 46 93 12 44 2 10 2 1 1 10 1 16 0 0 66 90 0 0.3 
45.8098 126.5246 98.5232 52 82 57 4 1 10 3 2 1 10 1 87 0 1 69 78 0 0.4 
45.7986 126.5070 59.6169 72 80 13 29 2 10 3 1 1 10 0 35 0 1 58 91 0 0.4 
45.8177 126.5119 100.2312 59 93 48 49 1 10 4 1 1 10 1 33 0 1 23 68 0 0.5 
45.8102 126.5208 121.9334 32 89 58 16 1 10 4 2 1 10 1 24 1 1 9 15 0 0.5 
45.8213 126.5230 73.5018 80 92 62 13 4 10 3 1 1 10 1 85 1 1 98 53 0 0.6 
45.8249 126.5237 53.0759 24 89 3 14 4 10 1 1 1 10 1 54 1 0 79 56 0 0.6 
45.8050 126.5261 81.1777 58 80 61 46 4 10 4 1 1 10 1 52 0 1 98 6 0 0.7 
45.8015 126.5204 89.7483 45 97 47 5 3 10 4 2 1 10 1 40 0 1 50 60 0 0.7 
45.8031 126.5213 95.4566 34 92 7 44 4 10 1 1 1 10 0 91 1 1 88 39 0 0.8 
45.8200 126.5189 90.9235 55 85 82 49 3 10 4 2 1 10 0 28 1 0 41 52 0 0.8 
45.8186 126.5221 90.0966 76 96 17 36 2 10 2 1 1 10 1 22 0 0 20 25 0 0.9 
45.8003 126.5076 70.0241 24 80 92 1 4 10 1 1 1 10 0 13 1 0 9 62 0 0.9 
45.8105 126.5100 113.5408 52 86 96 26 3 10 3 2 1 10 0 88 1 1 23 2 0 1.0 
45.7931 126.5086 35.8703 65 100 100 31 3 10 1 1 1 10 0 64 0 0 84 23 0 1.0 
45.8031 126.5185 102.4249 18 96 57 7 1 10 1 1 1 10 0 31 0 1 33 59 1 0.0 
45.8125 126.5106 115.3802 23 81 18 20 4 10 1 2 1 10 1 53 1 1 23 21 1 0.0 
45.8029 126.5075 80.8634 25 72 74 14 1 10 3 1 1 10 1 63 1 1 14 65 1 0.0 
45.8136 126.5207 116.9553 25 95 90 17 1 10 2 1 1 10 0 21 1 1 96 79 1 0.0 
45.8057 126.5227 100.8042 45 94 42 14 2 10 2 2 1 10 1 79 0 0 10 51 1 0.0 
45.8231 126.5211 69.3582 50 73 12 40 3 10 4 2 1 10 0 22 0 0 4 26 1 0.0 
45.8216 126.5117 78.9310 95 71 97 46 4 10 1 2 1 10 1 24 1 0 65 62 1 0.0 
45.8179 126.5064 77.2827 44 86 39 9 4 10 2 2 1 10 1 97 1 0 96 70 1 0.0 
45.8074 126.5199 120.2917 77 98 74 4 1 10 3 1 1 10 0 45 1 0 99 54 1 0.0 
45.8025 126.5250 77.8358 79 77 84 27 3 10 2 1 1 10 0 65 0 0 98 4 1 0.0 
45.7975 126.5209 66.4008 62 94 4 17 2 10 3 1 1 10 1 13 0 0 14 48 1 0.0 
45.8242 126.5150 67.8464 71 85 73 49 1 10 1 1 1 10 1 98 0 0 47 91 1 0.0 
45.8121 126.5252 94.6434 96 88 79 3 4 10 4 2 1 10 1 6 0 1 19 1 1 0.0 
45.8001 126.5129 84.0118 70 97 82 28 2 10 3 1 1 10 0 83 0 0 47 28 1 0.0 
45.8167 126.5191 109.5300 94 94 23 36 4 10 2 2 1 10 1 19 0 1 9 55 1 0.0 
45.7971 126.5200 65.6388 22 99 7 48 3 10 4 2 1 10 1 42 0 0 96 40 1 0.0 
45.8028 126.5198 98.3091 44 90 54 11 4 10 2 1 1 10 0 6 1 1 3 93 1 0.0 
45.8047 126.5184 111.8317 6 99 1 25 3 10 3 1 1 10 0 55 0 0 42 87 1 0.0 
45.8051 126.5089 95.6419 8 87 86 49 2 10 4 2 1 10 1 63 1 0 33 85 1 0.0 
45.8072 126.5196 120.7162 35 92 95 48 4 10 3 1 1 10 0 67 0 1 22 71 1 0.0 
45.7974 126.5087 58.9050 83 80 97 37 4 10 1 1 1 10 0 60 1 1 75 91 1 0.0 
45.8068 126.5205 114.9106 36 85 61 2 4 10 4 1 1 10 0 11 0 0 60 70 1 0.0 
45.8242 126.5261 48.2953 3 80 52 29 4 10 4 1 1 10 0 36 1 1 27 28 1 0.0 
45.8082 126.5123 123.0421 87 75 44 6 4 10 3 2 1 10 0 95 0 0 36 51 1 0.0 
45.8203 126.5242 74.3542 62 93 35 1 4 10 3 1 1 10 1 65 0 1 7 40 1 0.0 
45.7983 126.5209 70.7709 65 100 39 18 4 10 2 2 1 10 1 91 1 1 67 75 1 0.0 
45.8168 126.5095 95.3787 91 94 30 12 1 10 3 1 1 10 0 41 0 1 38 40 1 0.0 
45.8199 126.5276 61.1027 40 84 49 1 3 10 4 1 1 10 0 99 1 0 33 32 1 0.0 
45.8124 126.5195 126.9111 20 94 71 42 1 10 4 1 1 10 0 82 1 0 49 22 1 0.0 
45.7966 126.5172 65.9047 32 77 45 22 3 10 2 2 1 10 1 2 0 0 34 24 1 0.0 
45.8044 126.5176 111.5149 41 94 42 30 3 10 2 1 1 10 1 24 0 1 55 29 1 0.0 
45.8185 126.5248 79.4128 27 90 41 15 2 10 1 1 1 10 1 84 0 1 67 3 1 0.0 
45.7997 126.5233 71.7605 42 77 51 34 1 10 4 1 1 10 0 28 0 0 1 86 1 0.0 
45.8184 126.5245 81.3802 85 86 18 39 2 10 1 1 1 10 0 85 0 1 92 65 1 0.0 
45.8159 126.5225 100.2592 91 91 88 2 2 10 3 2 1 10 1 62 1 0 47 37 1 0.0 
45.8071 126.5201 118.0210 42 76 29 6 2 10 3 2 1 10 0 72 1 1 79 9 1 0.0 
45.8061 126.5135 118.8670 39 94 36 33 3 10 2 1 1 10 1 16 1 0 46 13 1 0.0 
45.8115 126.5179 138.0813 78 93 66 2 4 10 2 2 1 10 0 9 1 0 50 39 1 0.0 
45.8105 126.5052 84.5165 36 94 33 6 2 10 1 1 1 10 0 72 0 0 12 90 1 0.0 
45.7939 126.5143 49.0771 91 100 80 5 1 10 2 1 1 10 0 63 0 0 33 68 1 0.0 
45.8158 126.5289 67.0896 68 100 39 35 1 10 4 2 1 10 1 36 1 0 45 68 1 0.0 
45.7999 126.5192 83.1957 79 80 36 48 4 10 1 1 1 10 1 44 0 1 36 60 1 0.0 
45.8043 126.5165 112.0110 64 71 48 46 1 10 4 1 1 10 1 12 1 1 55 32 1 0.0 
45.8176 126.5134 104.9526 32 75 23 27 3 10 1 1 1 10 0 42 0 1 74 26 1 0.0 
45.8120 126.5145 137.1582 61 97 94 31 2 10 4 2 1 10 1 78 1 0 19 32 1 0.0 
45.8055 126.5181 117.2961 24 88 38 33 3 10 4 2 1 10 0 18 0 1 92 11 1 0.0 
45.8171 126.5237 89.6334 13 83 96 29 4 10 3 2 1 10 1 23 0 1 52 79 1 0.0 
45.8112 126.5108 118.2678 73 95 59 25 2 10 3 1 1 10 1 1 1 1 49 25 1 0.0 
45.8035 126.5188 104.0982 33 100 23 27 1 10 4 1 1 10 1 44 1 1 34 54 1 0.0 
45.8117 126.5164 142.9843 18 95 38 13 4 10 4 1 1 10 1 43 1 1 60 10 1 0.0 
45.8044 126.5176 111.7157 67 89 51 40 1 10 1 1 1 10 0 69 1 0 52 24 1 0.0 
45.7994 126.5104 74.4889 29 98 99 14 3 10 3 2 1 10 0 65 1 1 24 11 1 0.0 
45.8081 126.5075 96.5216 10 77 40 7 2 10 3 2 1 10 0 82 1 1 5 40 1 0.0 
45.7978 126.5183 71.9865 9 90 39 14 1 10 2 2 1 10 1 5 0 0 59 63 1 0.0 
45.8137 126.5056 84.2017 44 85 16 9 1 10 2 2 1 10 1 11 0 1 20 8 1 0.0 
45.8244 126.5123 64.2713 3 83 14 46 1 10 2 1 1 10 0 54 1 0 26 18 1 0.0 
45.8188 126.5153 100.3256 83 75 95 16 2 10 3 1 1 10 1 8 0 0 57 15 1 0.0 
45.7973 126.5074 54.6118 9 70 30 24 2 10 2 1 1 10 0 64 1 0 66 93 1 0.0 
45.8222 126.5101 71.6970 58 76 15 38 4 10 4 2 1 10 0 97 0 1 25 90 1 0.0 
45.8193 126.5121 92.3236 84 83 4 4 2 10 1 2 1 10 1 85 0 1 64 53 1 0.0 
45.8186 126.5161 102.0628 63 73 53 20 4 10 4 2 1 10 1 75 1 1 91 69 1 0.0 
45.8171 126.5124 105.1819 14 84 71 13 3 10 1 1 1 10 0 80 0 1 84 31 1 0.0 
45.8236 126.5180 71.1059 60 94 11 13 4 10 1 1 1 10 1 27 0 1 91 61 1 0.0 
45.8243 126.5148 67.3896 37 91 80 23 1 10 1 1 1 10 1 73 1 0 1 76 1 0.0 
45.8173 126.5258 79.1774 44 81 90 19 4 10 4 2 1 10 1 38 0 1 47 53 1 0.0 
45.8021 126.5239 80.6594 38 85 23 30 2 10 3 2 1 10 1 92 1 1 89 29 1 0.0 
45.8231 126.5094 64.8630 24 92 67 45 4 10 3 2 1 10 0 56 1 0 89 96 1 0.0 
45.8231 126.5120 71.0299 96 79 46 32 2 10 4 2 1 10 0 94 1 0 47 93 1 0.0 
45.8208 126.5242 72.0664 28 98 25 4 4 10 4 2 1 10 1 18 0 1 38 55 1 0.0 
45.8129 126.5201 122.3440 74 70 38 16 2 10 3 1 1 10 1 83 0 0 20 39 1 0.0 
45.8227 126.5262 55.6749 47 92 23 3 4 10 2 2 1 10 1 4 1 0 78 75 1 0.0 
45.8083 126.5210 117.5929 86 89 21 15 3 10 2 1 1 10 1 24 1 0 46 69 1 0.0 
45.8010 126.5177 91.7729 33 75 16 29 3 10 1 2 1 10 1 66 1 1 60 83 1 0.0 
45.8232 126.5162 74.3514 93 96 35 27 3 10 2 2 1 10 0 62 0 1 60 10 1 0.0 
45.7934 126.5112 42.7703 22 81 94 8 4 10 4 1 1 10 1 47 1 0 56 13 1 0.0 
45.7976 126.5187 70.1986 96 94 40 46 3 10 3 2 1 10 0 92 1 0 55 94 1 0.0 
45.7933 126.5196 43.9545 67 83 48 13 1 10 4 2 1 10 1 32 1 0 29 60 1 0.0 
45.8231 126.5109 68.8355 74 88 98 12 1 10 3 2 1 10 1 62 1 1 23 46 1 0.0 
45.7970 126.5253 51.6205 82 94 86 20 4 10 2 2 1 10 1 93 1 1 88 62 1 0.0 
45.8074 126.5249 93.9136 51 87 83 45 2 10 3 2 1 10 0 91 0 1 54 33 1 0.0 
45.8124 126.5106 115.1992 89 92 4 38 2 10 1 2 1 10 1 13 1 1 27 11 1 0.0 
45.8196 126.5064 70.5424 92 87 94 26 3 10 3 1 1 10 1 50 1 1 67 70 1 0.0 
45.7974 126.5253 53.1546 30 87 78 33 1 10 3 1 1 10 1 70 1 0 91 52 1 0.0 
45.8146 126.5225 104.9296 1 81 42 21 4 10 3 1 1 10 0 70 0 0 52 19 1 0.0 
45.8051 126.5250 87.3730 84 94 65 7 3 10 4 2 1 10 0 62 1 0 82 86 1 0.0 
45.8051 126.5057 79.5373 91 90 77 46 3 10 2 2 1 10 1 81 0 1 47 31 1 0.0 
45.7991 126.5111 74.8561 92 98 13 9 2 10 2 1 1 10 1 60 0 0 98 69 1 0.0 
45.8096 126.5263 88.5521 2 100 92 24 3 10 3 1 1 10 0 5 1 1 84 71 1 0.0 
45.8090 126.5105 115.1296 45 79 20 13 4 10 1 1 1 10 1 44 1 0 84 65 1 0.0 
45.8048 126.5196 109.3597 38 79 35 10 4 10 1 2 1 10 0 85 1 0 82 99 1 0.0 
45.8175 126.5116 100.5038 63 100 52 30 2 10 1 2 1 10 0 38 0 0 73 51 1 0.0 
45.7940 126.5054 31.4678 47 86 15 42 3 10 3 1 1 10 0 41 1 1 50 90 1 0.0 
45.8009 126.5292 52.0582 80 85 49 32 2 10 2 2 1 10 0 36 0 1 91 82 1 0.0 
45.8122 126.5275 80.9542 93 81 58 40 3 10 1 2 1 10 0 67 1 0 7 81 1 0.0 
45.8118 126.5115 121.1480 23 94 61 2 4 10 2 2 1 10 1 13 1 0 39 67 1 0.0 
45.8130 126.5081 99.8956 37 75 76 33 2 10 4 2 1 10 1 79 0 0 56 22 1 0.0 
45.8089 126.5112 118.6923 86 99 61 17 2 10 2 1 1 10 0 42 0 1 88 83 1 0.0 
45.8105 126.5277 80.4993 94 74 7 33 2 10 1 1 1 10 0 35 1 0 86 56 1 0.0 
45.8103 126.5258 91.7571 59 97 11 9 4 10 1 2 1 10 1 80 0 1 26 56 1 0.0 
45.7996 126.5053 57.7575 34 81 83 49 4 10 3 1 1 10 1 97 1 0 85 84 1 0.0 
45.8122 126.5235 104.5958 75 79 22 17 4 10 2 1 1 10 1 11 1 0 46 13 1 0.0 
45.8248 126.5156 64.4363 27 70 20 38 3 10 2 2 1 10 0 18 0 0 46 60 1 0.0 
45.8118 126.5210 119.9592 85 88 54 12 3 10 1 2 1 10 1 73 1 1 26 2 1 0.0 
45.8050 126.5141 114.4797 45 82 57 13 2 10 3 2 1 10 1 38 1 1 23 68 1 0.0 
45.8005 126.5105 80.6877 95 97 54 41 3 10 1 1 1 10 0 29 0 1 25 84 1 0.0 
45.8163 126.5058 79.2361 44 99 92 17 3 10 3 2 1 10 0 85 0 0 91 19 1 0.0 
45.8092 126.5271 83.2162 31 97 96 37 3 10 2 2 1 10 0 37 1 0 8 23 1 0.0 
45.7989 126.5181 78.9340 96 83 21 22 1 10 4 1 1 10 1 39 0 1 27 6 1 0.0 
45.8018 126.5201 91.7783 14 82 33 19 4 10 2 2 1 10 0 38 1 1 80 38 1 0.0 
45.8244 126.5241 54.1771 20 93 65 4 2 10 1 2 1 10 1 53 1 0 14 66 1 0.0 
45.8211 126.5217 78.3622 95 74 77 11 1 10 4 2 1 10 1 68 1 1 94 16 1 0.0 
45.7978 126.5288 41.8749 98 91 16 7 3 10 1 2 1 10 0 98 1 0 63 35 1 0.0 
45.8068 126.5137 122.7447 60 80 31 18 4 10 1 1 1 10 0 27 0 0 4 90 1 0.0 
45.8222 126.5186 78.9824 65 86 99 16 1 10 4 1 1 10 1 98 0 1 12 43 1 0.0 
45.8067 126.5077 94.4581 48 96 61 12 1 10 4 1 1 10 0 7 1 1 2 96 1 0.0 
45.8181 126.5143 103.7018 39 83 25 18 4 10 4 2 1 10 0 1 1 0 42 3 1 0.0 
45.8113 126.5181 137.4302 1 95 28 20 4 10 1 1 1 10 1 89 0 0 90 94 1 0.0 
45.8202 126.5253 70.1229 93 85 97 7 1 10 3 1 1 10 0 62 0 1 64 33 1 0.0 
45.8160 126.5202 109.5799 73 88 99 29 4 10 3 2 1 10 1 60 0 0 23 60 1 0.0 
45.7996 126.5232 71.5951 4 81 63 12 3 10 2 2 1 10 1 30 0 1 81 43 1 0.0 
45.8143 126.5088 100.8873 75 86 33 17 2 10 3 1 1 10 0 59 1 1 40 97 1 0.0 
45.7973 126.5072 53.7592 71 91 90 44 1 10 1 1 1 10 0 80 1 0 82 21 1 0.0 
45.7987 126.5122 74.8173 24 86 18 21 1 10 4 1 1 10 1 68 1 0 45 71 1 0.0 
45.8010 126.5163 92.2956 37 100 31 44 4 10 4 2 1 10 0 40 1 0 17 64 1 0.0 
45.7992 126.5152 81.5594 59 85 29 49 2 10 4 1 1 10 0 2 0 0 64 68 1 0.0 
45.8245 126.5089 56.1075 23 72 73 7 3 10 4 1 1 10 0 1 1 0 9 66 1 0.0 
45.8214 126.5247 67.1338 49 78 55 18 3 10 1 2 1 10 0 92 0 1 46 44 1 0.0 
45.8206 126.5050 60.4266 20 95 30 46 2 10 2 2 1 10 0 23 0 0 46 99 1 0.0 
45.8002 126.5248 68.8541 44 72 44 48 4 10 1 2 1 10 0 7 1 0 92 46 1 0.0 
45.8141 126.5118 116.8347 98 81 99 47 1 10 4 2 1 10 1 27 1 1 67 69 1 0.0 
45.8127 126.5090 105.7079 3 85 60 46 1 10 2 1 1 10 1 9 1 1 85 62 1 0.0 
45.8076 126.5252 92.4722 56 70 30 38 2 10 1 2 1 10 1 69 0 0 35 80 1 0.0 
45.8049 126.5287 67.0286 81 99 63 34 1 10 3 1 1 10 0 55 0 1 95 20 1 0.0 
45.8149 126.5225 103.9563 34 80 98 37 2 10 4 2 1 10 1 97 1 0 6 16 1 0.0 
45.8124 126.5174 136.7046 73 82 39 1 3 10 2 2 1 10 1 57 0 0 88 25 1 0.0 
45.8005 126.5287 52.8467 73 98 65 40 1 10 4 1 1 10 1 12 0 0 51 54 1 0.0 
45.8073 126.5113 115.2993 29 89 63 6 3 10 2 1 1 10 1 58 1 1 57 34 1 0.0 
45.8096 126.5243 100.3010 71 86 95 21 1 10 3 2 1 10 1 49 1 0 26 27 1 0.0 
45.8161 126.5211 105.4006 4 93 36 39 2 10 4 2 1 10 0 60 0 1 21 92 1 0.0 
45.8032 126.5103 93.8118 92 92 1 2 3 10 2 1 1 10 0 25 0 0 39 53 1 0.0 
45.8098 126.5091 107.5399 6 76 25 29 3 10 1 2 1 10 1 28 1 1 80 1 1 0.0 
45.8192 126.5201 93.1241 59 97 57 20 1 10 1 1 1 10 1 63 0 0 17 23 1 0.0 
45.8086 126.5248 96.7004 42 93 25 12 1 10 4 2 1 10 0 18 1 0 13 12 1 0.0 
45.8133 126.5202 120.8709 58 96 54 26 4 10 3 1 1 10 1 23 0 0 96 26 1 0.0 
45.8021 126.5195 95.2189 27 81 27 25 2 10 1 1 1 10 0 21 0 1 12 18 1 0.0 
45.8139 126.5090 102.8173 62 90 65 18 2 10 1 2 1 10 0 45 0 1 68 79 1 0.0 
45.8248 126.5286 36.5011 31 97 88 26 3 10 3 2 1 10 0 22 0 1 65 81 1 0.0 
45.7987 126.5218 70.8585 35 98 91 6 3 10 1 2 1 10 0 79 1 1 22 36 1 0.0 
45.8180 126.5191 101.9348 17 92 93 45 4 10 2 1 1 10 1 90 0 0 71 63 1 0.0 
45.8238 126.5074 54.9665 85 81 95 4 2 10 4 2 1 10 0 89 1 1 35 29 1 0.0 
45.8019 126.5202 92.2450 71 92 41 11 2 10 3 1 1 10 0 43 0 0 87 99 1 0.0 
45.8217 126.5251 64.2920 63 80 75 43 3 10 4 1 1 10 0 86 1 0 97 92 1 0.0 
45.8167 126.5231 94.2478 25 97 99 43 1 10 2 1 1 10 1 30 1 1 58 97 1 0.0 
45.7932 126.5076 33.6805 30 78 26 38 4 10 1 1 1 10 1 11 0 0 60 22 1 0.0 
45.8126 126.5216 114.8983 100 79 80 22 1 10 1 2 1 10 0 16 1 0 10 23 1 0.0 
45.8017 126.5271 65.1289 19 81 19 49 3 10 4 1 1 10 1 29 0 0 88 73 1 0.0 
45.8078 126.5080 98.8485 31 83 96 4 2 10 2 1 1 10 1 32 0 1 1 26 1 0.0 
45.7934 126.5194 44.7408 37 86 4 12 4 10 2 1 1 10 1 14 0 0 59 76 1 0.0 
45.8104 126.5128 130.1487 35 83 65 10 4 10 1 1 1 10 0 95 0 1 72 17 1 0.0 
45.7979 126.5284 43.9647 25 100 84 25 2 10 4 1 1 10 0 5 0 1 19 74 1 0.0 
45.7958 126.5064 43.8455 13 99 23 8 4 10 4 1 1 10 0 30 0 0 77 93 1 0.0 
45.8207 126.5208 82.8676 43 97 82 7 1 10 4 2 1 10 0 72 0 1 87 70 1 0.0 
45.8066 126.5231 101.9180 39 71 64 37 3 10 1 1 1 10 0 96 1 1 25 59 1 0.0 
45.7940 126.5161 50.2909 96 85 62 5 4 10 1 2 1 10 1 30 1 1 68 8 1 0.0 
45.7951 126.5120 53.8628 81 96 34 30 3 10 1 2 1 10 0 25 0 1 72 75 1 0.0 
45.8216 126.5154 83.8979 17 82 90 9 2 10 2 1 1 10 0 12 1 1 24 70 1 0.0 
45.8227 126.5201 73.8041 26 80 83 12 4 10 4 2 1 10 1 25 1 1 32 12 1 0.0 
45.8097 126.5162 144.2415 43 80 28 24 2 10 4 2 1 10 0 6 1 0 89 29 1 0.0 
45.7972 126.5070 52.7993 45 81 95 15 4 10 4 2 1 10 0 61 0 1 15 27 1 0.0 
45.8166 126.5077 87.8989 75 90 92 5 1 10 2 1 1 10 1 39 0 1 11 88 1 0.0 
45.7964 126.5126 61.9863 37 100 74 28 1 10 3 2 1 10 0 87 1 0 89 22 1 0.0 
45.7996 126.5122 79.9491 4 97 35 11 4 10 2 1 1 10 1 33 1 1 48 33 1 0.0 
45.8021 126.5133 96.0695 32 100 54 6 2 10 2 2 1 10 1 35 0 1 16 67 1 0.0 
45.8087 126.5070 94.4489 28 77 99 31 1 10 1 2 1 10 1 64 1 1 82 64 1 0.0 
45.8243 126.5237 55.8719 85 87 62 12 4 10 4 2 1 10 0 67 1 1 49 2 1 0.0 
45.8002 126.5236 73.1189 11 97 54 16 3 10 3 1 1 10 1 80 1 1 19 66 1 0.0 
45.8040 126.5191 106.4606 20 88 25 39 1 10 3 1 1 10 0 70 0 1 22 41 1 0.0 
45.7991 126.5075 63.9618 97 85 2 14 1 10 2 2 1 10 0 72 1 0 18 90 1 0.0 
45.7940 126.5280 27.2265 60 86 19 26 1 10 4 1 1 10 1 79 1 1 9 23 1 0.0 
45.8148 126.5069 89.1392 16 80 39 30 3 10 1 2 1 10 0 68 0 0 99 55 1 0.0 
45.8126 126.5278 78.5640 5 92 73 44 1 10 3 2 1 10 1 25 0 1 93 52 1 0.0 
45.8116 126.5107 116.7959 62 88 28 17 2 10 3 1 1 10 0 29 1 1 38 41 1 0.0 
45.8201 126.5051 62.7208 61 79 2 32 3 10 1 2 1 10 0 8 1 1 4 29 1 0.0 
45.8075 126.5199 120.7135 8 88 37 33 2 10 4 1 1 10 1 55 0 1 54 32 1 0.0 
45.7996 126.5209 78.1145 85 78 28 10 3 10 4 2 1 10 0 86 1 1 52 53 1 0.0 
45.7930 126.5059 28.1116 97 91 20 25 2 10 1 2 1 10 1 48 0 0 50 59 1 0.0 
45.7953 126.5093 49.2413 49 70 7 31 4 10 3 2 1 10 1 38 0 1 31 50 1 0.0 
45.8193 126.5251 75.1822 17 86 93 39 2 10 2 1 1 10 0 10 1 1 76 94 1 0.0 
45.7977 126.5168 72.4130 96 96 98 20 3 10 3 1 1 10 0 88 0 0 27 70 1 0.0 
45.8213 126.5124 82.3974 1 79 24 18 2 10 4 2 1 10 1 4 1 0 38 85 1 0.0 
45.8118 126.5109 118.1913 23 71 2 11 2 10 4 2 1 10 0 92 1 1 11 60 1 0.0 
45.8239 126.5199 66.8557 29 95 51 8 4 10 4 2 1 10 1 82 0 1 35 23 1 0.0 
45.8082 126.5131 126.8327 89 77 80 28 3 10 4 1 1 10 0 23 1 1 50 19 1 0.0 
45.8161 126.5117 107.7065 39 100 30 5 1 10 3 1 1 10 1 99 1 0 67 40 1 0.0 
45.8197 126.5260 69.2665 63 84 74 16 2 10 2 1 1 10 0 19 0 0 98 3 1 0.0 
45.8086 126.5123 124.3059 64 74 39 45 4 10 2 1 1 10 0 74 0 0 32 79 1 0.0 
45.8039 126.5135 106.6533 3 78 47 42 4 10 2 2 1 10 1 23 1 1 78 78 1 0.0 
45.8235 126.5290 40.8473 58 71 67 36 2 10 4 1 1 10 0 72 1 0 32 69 1 0.0 
45.8219 126.5217 74.5214 72 86 72 23 1 10 4 2 1 10 1 64 1 1 84 4 1 0.0 
45.8004 126.5286 52.8527 55 90 59 15 4 10 3 1 1 10 1 51 0 0 2 16 1 0.0 
45.8017 126.5137 94.4119 96 95 28 7 2 10 2 1 1 10 0 17 1 0 56 79 1 0.0 
45.8069 126.5243 96.0290 19 95 32 49 3 10 3 2 1 10 0 65 0 0 57 45 1 0.0 
45.8045 126.5111 102.8563 43 99 100 16 4 10 1 2 1 10 0 47 1 1 75 22 1 0.0 
45.8040 126.5146 109.4960 40 86 62 42 3 10 4 1 1 10 1 54 0 1 62 65 1 0.0 
45.7990 126.5228 69.8143 88 92 33 12 4 10 3 1 1 10 0 25 1 0 58 81 1 0.0 
45.8118 126.5103 114.3154 75 79 18 1 4 10 1 2 1 10 0 38 0 1 23 77 1 0.0 
45.7997 126.5154 84.4460 76 97 8 17 1 10 4 1 1 10 0 25 0 0 76 66 1 0.0 
45.8226 126.5277 49.8996 79 88 44 13 4 10 3 2 1 10 1 39 0 1 53 52 1 0.0 
45.8201 126.5096 81.0495 66 85 87 8 3 10 2 2 1 10 0 23 1 0 59 20 1 0.0 
45.7971 126.5270 45.7255 80 86 84 22 4 10 4 1 1 10 1 22 0 1 71 34 1 0.0 
45.8048 126.5156 115.1149 17 95 63 23 1 10 3 2 1 10 0 89 0 1 34 7 1 0.0 
45.8122 126.5082 101.5111 32 83 92 15 2 10 4 2 1 10 1 54 1 0 81 43 1 0.0 
45.8047 126.5276 72.5921 7 76 15 42 1 10 1 2 1 10 0 71 0 1 61 4 1 0.0 
45.8117 126.5204 123.6254 36 84 89 24 4 10 1 2 1 10 1 46 1 1 3 50 1 0.0 
45.7954 126.5260 40.8762 86 82 67 49 3 10 1 2 1 10 0 61 0 0 83 94 1 0.0 
45.8178 126.5172 106.4484 81 79 7 18 4 10 4 2 1 10 1 14 0 1 21 27 1 0.0 
45.7963 126.5270 42.0983 56 83 62 22 4 10 2 2 1 10 0 60 0 0 66 67 1 0.0 
45.8191 126.5188 96.6280 74 99 5 15 1 10 3 1 1 10 1 82 1 0 66 78 1 0.0 
45.7960 126.5097 54.4151 95 98 44 28 1 10 1 2 1 10 0 90 1 0 75 76 1 0.0 
45.7953 126.5136 56.8509 81 82 31 45 2 10 1 1 1 10 0 30 1 0 3 63 1 0.0 
45.8217 126.5261 60.2477 9 81 78 15 4 10 2 1 1 10 0 24 0 0 32 48 1 0.0 
45.7937 126.5234 39.2725 44 97 27 27 1 10 2 2 1 10 1 65 0 1 7 97 1 0.0 
45.8204 126.5122 86.8760 57 79 27 16 4 10 2 1 1 10 0 41 0 1 9 85 1 0.0 
45.8009 126.5145 90.9236 100 71 87 6 4 10 2 1 1 10 0 62 0 0 72 88 1 0.0 
45.8213 126.5199 81.6323 44 83 97 49 1 10 4 1 1 10 1 97 0 1 24 14 1 0.0 
45.8181 126.5274 68.3507 48 95 70 42 2 10 1 1 1 10 0 95 1 1 17 14 1 0.0 
45.8037 126.5212 98.3630 58 73 87 9 3 10 2 1 1 10 1 38 1 0 15 54 1 0.0 
45.8026 126.5057 71.2022 41 87 73 32 3 10 3 2 1 10 0 29 1 1 34 90 1 0.0 
45.8037 126.5149 108.0912 46 78 59 42 4 10 4 2 1 10 1 11 1 1 41 37 1 0.0 
45.7945 126.5296 24.0186 78 95 41 34 2 10 1 2 1 10 1 93 1 1 61 77 1 0.0 
45.7933 126.5060 29.8081 58 81 59 15 1 10 1 2 1 10 1 2 1 0 35 85 1 0.0 
45.7936 126.5295 20.0000 88 81 30 18 3 10 1 2 1 10 0 96 0 1 86 12 1 0.0 
45.8122 126.5203 123.2349 94 84 99 45 1 10 3 1 1 10 1 97 0 1 67 6 1 0.0 
45.8130 126.5189 127.9931 18 81 44 35 4 10 3 1 1 10 0 8 1 0 1 97 1 0.0 
45.8150 126.5142 120.9669 22 95 71 37 3 10 2 1 1 10 0 89 0 0 56 37 1 0.0 
45.8001 126.5195 83.8246 72 95 53 27 2 10 2 2 1 10 0 67 1 1 38 40 1 0.0 
45.7947 126.5077 42.1755 43 93 18 30 4 10 3 2 1 10 1 21 0 1 17 11 1 0.0 
45.8153 126.5289 68.2589 88 93 2 39 3 10 1 2 1 10 1 77 0 1 22 12 1 0.0 
45.8072 126.5114 115.1152 35 95 4 13 2 10 1 1 1 10 1 49 0 0 99 16 1 0.0 
45.8029 126.5280 64.8278 71 95 87 38 1 10 4 1 1 10 1 2 0 1 43 84 1 0.0 
45.7994 126.5212 76.3391 53 83 34 14 4 10 3 1 1 10 1 6 0 1 46 98 1 0.0 
45.8203 126.5192 88.9943 82 81 66 39 3 10 2 2 1 10 1 68 1 1 58 83 1 0.0 
45.8195 126.5271 64.9524 29 90 26 12 1 10 2 1 1 10 0 68 0 1 34 30 1 0.0 
45.8174 126.5160 109.0635 58 85 81 34 3 10 3 1 1 10 1 60 1 1 47 15 1 0.0 
45.8196 126.5191 93.0541 42 99 2 41 4 10 1 2 1 10 0 25 1 0 85 72 1 0.0 
45.8053 126.5269 77.8623 77 93 58 46 1 10 4 1 1 10 0 40 1 0 52 37 1 0.0 
45.8216 126.5195 80.7365 78 96 7 31 3 10 4 1 1 10 1 63 1 1 50 49 1 0.0 
45.8224 126.5206 74.4052 81 94 23 32 2 10 1 1 1 10 1 96 1 1 74 70 1 0.0 
45.8018 126.5168 96.9725 60 96 17 47 4 10 2 1 1 10 0 84 1 0 47 3 1 0.0 
45.7938 126.5053 30.2261 69 96 2 47 3 10 4 2 1 10 0 22 0 1 80 61 1 0.0 
45.8163 126.5085 92.8030 32 98 4 23 2 10 2 2 1 10 0 94 0 0 90 32 1 0.0 
45.8146 126.5151 125.4555 81 100 21 16 1 10 1 2 1 10 1 94 1 1 78 32 1 0.0 
45.8155 126.5244 91.9683 16 82 32 29 3 10 4 1 1 10 0 9 0 0 53 47 1 0.0 
45.7978 126.5240 59.8357 98 80 66 7 4 10 1 2 1 10 0 5 1 1 40 77 1 0.0 
45.8227 126.5078 61.8875 62 93 83 44 4 10 4 1 1 10 0 62 0 1 90 36 1 0.0 
45.8015 126.5079 76.6829 86 92 2 2 3 10 1 2 1 10 1 46 1 0 53 71 1 0.0 
45.8037 126.5129 104.2342 71 95 62 32 2 10 3 2 1 10 0 50 1 1 27 90 1 0.0 
45.8021 126.5157 99.0046 13 77 29 14 2 10 4 2 1 10 0 34 1 1 74 30 1 0.0 
45.8190 126.5209 91.9770 36 81 93 4 1 10 4 1 1 10 1 66 0 0 86 27 1 0.0 
45.8004 126.5058 62.7352 2 72 88 30 1 10 1 2 1 10 0 8 1 1 96 53 1 0.0 
45.7997 126.5259 62.0973 33 70 10 41 2 10 4 2 1 10 1 53 1 1 22 93 1 0.0 
45.7984 126.5233 64.9384 75 90 40 48 3 10 2 1 1 10 1 4 1 0 31 20 1 0.0 
45.8137 126.5233 102.9322 85 83 38 7 4 10 3 2 1 10 1 15 1 0 96 38 1 0.0 
45.8058 126.5238 95.7153 12 92 20 27 2 10 2 2 1 10 0 55 1 0 69 11 1 0.0 
45.7995 126.5167 83.3514 49 83 26 25 1 10 3 2 1 10 0 54 1 1 22 40 1 0.0 
45.7994 126.5169 82.5158 17 98 83 10 1 10 4 1 1 10 1 5 0 0 39 70 1 0.0 
45.7935 126.5132 46.0870 5 86 53 40 3 10 2 1 1 10 1 13 0 0 61 88 1 0.0 
45.7980 126.5223 66.0474 83 80 31 42 4 10 3 1 1 10 1 19 0 1 93 74 1 0.0 
45.8201 126.5268 64.3744 27 73 49 28 3 10 3 1 1 10 1 43 1 0 55 42 1 0.0 
45.8031 126.5221 92.4821 75 84 41 19 3 10 2 2 1 10 1 34 1 0 66 30 1 0.0 
45.7950 126.5115 52.5196 83 94 83 46 1 10 4 2 1 10 0 72 1 0 6 76 1 0.0 
45.8173 126.5260 78.4214 38 90 90 3 2 10 1 1 1 10 0 92 1 1 3 49 1 0.0 
45.8047 126.5284 68.0962 83 72 73 19 3 10 4 1 1 10 0 5 0 1 60 14 1 0.0 
45.8005 126.5189 87.0883 23 97 3 4 1 10 3 2 1 10 0 33 1 0 91 51 1 0.0 
45.8095 126.5227 110.0337 76 84 69 10 3 10 2 2 1 10 0 49 1 0 94 72 1 0.0 
45.8148 126.5235 99.1033 73 90 11 17 1 10 4 2 1 10 1 64 0 0 99 20 1 0.0 
45.7942 126.5277 29.5096 95 90 13 24 3 10 4 2 1 10 0 64 1 0 67 34 1 0.0 
45.8171 126.5142 109.3017 38 87 70 30 4 10 3 1 1 10 0 72 1 1 40 92 1 0.0 
45.8215 126.5215 76.9514 72 74 74 1 2 10 1 2 1 10 0 88 1 0 64 56 1 0.0 
45.8165 126.5149 113.5634 24 90 75 49 4 10 1 1 1 10 1 63 0 1 48 4 1 0.0 
45.7998 126.5205 79.7642 48 84 27 14 4 10 4 2 1 10 0 27 1 0 72 72 1 0.0 
45.8084 126.5161 136.6570 26 82 42 8 2 10 1 2 1 10 1 3 1 1 91 95 1 0.0 
45.8066 126.5233 100.3982 65 100 73 35 4 10 4 1 1 10 0 57 0 0 73 8 1 0.0 
45.8038 126.5139 107.2003 71 80 22 34 2 10 3 2 1 10 1 72 1 1 24 69 1 0.0 
45.8170 126.5216 99.2573 34 83 58 34 4 10 2 2 1 10 0 58 1 0 59 60 1 0.0 
45.7963 126.5050 41.4968 12 71 76 22 2 10 3 2 1 10 1 93 0 1 3 11 1 0.0 
45.8231 126.5093 64.5335 89 70 31 24 4 10 1 2 1 10 1 84 1 1 48 81 1 0.0 
45.8007 126.5062 65.6447 63 94 25 26 1 10 2 1 1 10 1 7 1 1 94 13 1 0.0 
45.8217 126.5209 77.3191 66 95 16 30 1 10 3 1 1 10 0 29 0 1 55 35 1 0.0 
45.8048 126.5183 112.7651 11 99 60 43 2 10 3 1 1 10 1 82 0 0 84 8 1 0.0 
45.8170 126.5188 108.4981 20 89 21 38 3 10 3 2 1 10 1 66 0 0 26 57 1 0.0 
45.7951 126.5095 48.8453 33 94 95 20 3 10 1 2 1 10 1 36 0 1 70 41 1 0.0 
45.7987 126.5160 78.3591 90 100 54 19 1 10 3 1 1 10 0 9 1 1 9 55 1 0.0 
45.8132 126.5160 134.5611 66 70 31 33 2 10 4 1 1 10 1 17 0 1 43 19 1 0.0 
45.8057 126.5257 85.0581 37 85 6 16 2 10 2 2 1 10 1 14 0 1 56 82 1 0.0 
45.7952 126.5067 41.7086 59 96 69 21 2 10 3 2 1 10 1 70 0 1 80 14 1 0.0 
45.8112 126.5199 127.0305 8 100 98 20 4 10 4 1 1 10 1 79 0 0 95 70 1 0.0 
45.7959 126.5203 58.4509 88 82 87 32 4 10 2 1 1 10 1 45 0 0 15 16 1 0.0 
45.8094 126.5123 126.3194 83 81 12 10 1 10 3 1 1 10 0 55 0 0 32 1 1 0.0 
45.8026 126.5283 62.5531 40 97 12 29 1 10 3 1 1 10 0 11 1 1 85 60 1 0.0 
45.8080 126.5226 107.9217 34 77 34 45 2 10 2 2 1 10 0 49 0 1 73 52 1 0.0 
45.7962 126.5056 43.0530 40 98 73 32 4 10 2 2 1 10 0 16 1 0 31 66 1 0.0 
45.8234 126.5165 73.1280 92 98 63 20 3 10 1 2 1 10 0 93 0 0 95 56 1 0.0 
45.8228 126.5133 74.7210 46 72 65 26 1 10 4 2 1 10 0 19 0 0 83 43 1 0.0 
45.8201 126.5121 87.8934 4 100 9 46 2 10 4 2 1 10 1 81 0 1 71 99 1 0.0 
45.7984 126.5103 69.0933 18 97 64 7 2 10 2 2 1 10 1 67 1 1 38 86 1 0.0 
45.8226 126.5152 77.5206 59 94 47 31 1 10 3 2 1 10 0 55 1 0 83 66 1 0.0 
45.7965 126.5060 45.9874 7 81 49 37 2 10 3 2 1 10 0 98 0 0 97 4 1 0.0 
45.8233 126.5082 60.1328 90 88 57 15 4 10 2 2 1 10 1 77 1 0 50 96 1 0.0 
45.8062 126.5100 104.7396 60 81 65 42 3 10 2 2 1 10 0 79 0 1 56 21 1 0.0 
45.8089 126.5079 99.9146 14 84 33 9 3 10 2 1 1 10 0 20 1 0 59 77 1 0.0 
45.8018 126.5286 58.4742 68 94 81 7 3 10 4 1 1 10 1 48 1 0 92 62 1 0.0 
45.7993 126.5174 81.8036 55 87 81 22 2 10 1 2 1 10 1 5 0 1 25 22 1 0.0 
45.8098 126.5188 132.9432 20 92 13 22 2 10 1 1 1 10 0 77 1 0 73 70 1 0.0 
45.8067 126.5155 126.1411 80 98 89 15 1 10 1 1 1 10 1 85 1 1 98 28 1 0.0 
45.8153 126.5067 86.8195 6 76 83 5 4 10 3 2 1 10 0 18 1 0 57 46 1 0.0 
45.8075 126.5272 80.9886 71 98 41 2 4 10 3 1 1 10 0 76 1 0 88 51 1 0.0 
45.8061 126.5113 110.6985 39 81 1 44 4 10 2 2 1 10 1 37 1 1 33 95 1 0.0 
45.8195 126.5139 94.8270 38 89 99 10 3 10 2 1 1 10 1 87 0 0 48 54 1 0.0 
45.7952 126.5275 34.8590 56 77 88 22 3 10 2 1 1 10 0 69 0 0 66 3 1 0.0 
45.8215 126.5186 82.8555 90 98 98 18 3 10 3 2 1 10 0 24 0 0 22 16 1 0.0 
45.8084 126.5102 112.4916 1 89 81 7 2 10 2 1 1 10 0 61 1 1 70 86 1 0.0 
45.8232 126.5197 71.4974 63 85 82 9 4 10 2 1 1 10 1 25 0 0 40 13 1 0.0 
45.8242 126.5236 56.6946 100 88 34 44 4 10 1 1 1 10 0 34 1 0 31 76 1 0.0 
45.8205 126.5266 63.4785 10 87 6 25 2 10 2 1 1 10 1 78 0 0 75 23 1 0.0 
45.7975 126.5291 39.0242 27 86 5 38 4 10 4 1 1 10 0 88 0 1 82 75 1 0.0 
45.7945 126.5229 45.3699 89 81 37 3 4 10 2 2 1 10 0 72 1 0 75 18 1 0.0 
45.8057 126.5278 74.1200 79 81 75 49 2 10 1 2 1 10 0 17 1 1 97 43 1 0.0 
45.8008 126.5092 78.1259 68 93 7 27 4 10 2 1 1 10 1 86 1 1 35 89 1 0.0 
45.8192 126.5116 91.8102 75 92 100 32 2 10 1 2 1 10 1 90 1 1 56 68 1 0.0 
45.8053 126.5299 61.4038 50 90 96 46 2 10 1 1 1 10 1 62 0 1 86 48 1 0.0 
45.8101 126.5192 131.3206 79 98 71 41 4 10 1 1 1 10 1 38 0 0 17 88 1 0.0 
45.8230 126.5270 50.7984 36 80 67 7 1 10 3 2 1 10 1 22 1 1 30 78 1 0.0 
45.8052 126.5227 98.7470 61 80 65 24 4 10 1 1 1 10 0 30 0 0 74 15 1 0.0 
45.8185 126.5050 68.2266 31 94 8 27 2 10 3 2 1 10 1 10 0 0 97 93 1 0.0 
45.8088 126.5199 124.6422 46 93 94 27 3 10 1 2 1 10 1 65 0 1 56 77 1 0.0 
45.8161 126.5127 110.8644 42 89 69 46 3 10 3 1 1 10 1 18 0 0 8 26 1 0.0 
45.8007 126.5252 69.5896 24 82 78 47 3 10 1 2 1 10 1 34 1 1 86 8 1 0.0 
45.8128 126.5252 93.9044 31 80 12 32 2 10 1 1 1 10 0 40 1 1 62 73 1 0.0 
45.8076 126.5076 95.8267 27 72 17 41 3 10 4 2 1 10 1 39 0 0 34 74 1 0.0 
45.7991 126.5177 80.0904 65 81 13 14 3 10 1 2 1 10 0 41 0 0 25 90 1 0.0 
45.7979 126.5260 53.7560 31 99 88 20 3 10 2 1 1 10 1 80 0 0 56 1 1 0.0 
45.8009 126.5221 81.8344 24 95 6 3 2 10 2 2 1 10 1 77 0 1 15 65 1 0.0 
45.8184 126.5184 100.9857 4 84 100 38 2 10 1 1 1 10 1 24 1 1 8 68 1 0.0 
45.7946 126.5057 35.4375 37 87 53 13 4 10 3 1 1 10 0 75 0 1 15 14 1 0.0 
45.8003 126.5129 85.0145 45 88 51 43 3 10 1 2 1 10 1 60 1 1 5 75 1 0.0 
45.8057 126.5103 104.5138 100 97 34 46 1 10 2 1 1 10 1 65 1 1 28 11 1 0.0 
45.8106 126.5117 123.8089 70 93 74 22 2 10 1 1 1 10 0 23 0 0 60 14 1 0.0 
45.8189 126.5065 73.9028 45 86 65 23 1 10 2 1 1 10 1 85 0 1 1 66 1 0.0 
45.7975 126.5275 46.0374 79 100 57 22 2 10 3 2 1 10 1 92 0 0 60 51 1 0.0 
45.7934 126.5275 25.8896 60 76 50 12 4 10 4 1 1 10 1 16 1 0 43 51 1 0.0 
45.7982 126.5167 75.5169 11 88 55 24 1 10 4 1 1 10 0 71 1 1 61 77 1 0.0 
45.7986 126.5064 57.3398 4 91 4 36 1 10 4 2 1 10 0 1 0 1 1 45 1 0.0 
45.8059 126.5181 119.2594 18 84 14 14 1 10 3 1 1 10 1 93 1 0 46 92 1 0.0 
45.7953 126.5204 54.6902 72 75 60 32 4 10 2 2 1 10 1 39 1 0 25 85 1 0.0 
45.7942 126.5244 39.6351 85 91 77 26 1 10 3 2 1 10 1 57 0 0 17 68 1 0.0 
45.7937 126.5214 43.8924 36 76 36 6 2 10 4 1 1 10 0 55 1 0 69 3 1 0.0 
45.8225 126.5208 73.4758 2 89 25 16 1 10 1 1 1 10 1 43 1 1 2 22 1 0.0 
45.8227 126.5209 71.7558 25 91 51 45 2 10 2 2 1 10 1 82 0 1 8 51 1 0.0 
45.8157 126.5169 118.8658 15 93 24 46 1 10 2 2 1 10 1 71 0 1 9 78 1 0.0 
45.7966 126.5159 66.0409 38 88 13 46 3 10 3 2 1 10 0 16 1 1 55 42 1 0.0 
45.8103 126.5253 94.4779 7 83 95 35 4 10 1 1 1 10 1 81 1 1 78 69 1 0.0 
45.7988 126.5288 45.9064 50 78 93 43 3 10 3 1 1 10 1 78 0 0 88 59 1 0.0 
45.8037 126.5099 94.3797 29 85 49 41 2 10 1 1 1 10 0 52 1 0 16 96 1 0.0 
45.8143 126.5150 126.7626 59 81 46 11 1 10 1 1 1 10 1 39 0 1 96 16 1 0.0 
45.8173 126.5171 109.4354 93 82 31 20 1 10 4 2 1 10 0 29 0 1 69 84 1 0.0 
45.8157 126.5225 100.6881 80 78 46 3 3 10 4 2 1 10 0 87 1 0 14 6 1 0.0 
45.8040 126.5221 96.8275 94 84 76 21 3 10 3 2 1 10 1 77 1 1 68 64 1 0.0 
45.7982 126.5258 55.6484 71 91 66 6 1 10 4 2 1 10 0 94 0 0 1 2 1 0.0 
45.8056 126.5279 72.7571 37 91 30 37 2 10 2 2 1 10 0 2 1 1 60 39 1 0.0 
45.7976 126.5172 71.8301 96 98 89 36 4 10 3 1 1 10 1 56 1 1 65 72 1 0.0 
45.8072 126.5117 116.8858 16 81 88 6 2 10 2 2 1 10 1 70 1 0 94 4 1 0.0 
45.8014 126.5224 83.1495 83 88 70 48 1 10 1 1 1 10 0 84 1 1 74 84 1 0.0 
45.7985 126.5055 53.4919 1 95 41 31 3 10 3 2 1 10 1 20 1 1 10 65 1 0.0 
45.8018 126.5189 94.5910 49 79 63 41 4 10 3 1 1 10 1 65 1 1 77 53 1 0.0 
45.8194 126.5263 69.1453 41 100 57 5 2 10 2 2 1 10 1 68 0 1 16 15 1 0.0 
45.8121 126.5114 120.3365 42 91 32 19 3 10 2 1 1 10 1 7 1 0 69 84 1 0.0 
45.8046 126.5227 96.2551 43 70 18 7 2 10 1 1 1 10 1 12 1 0 67 90 1 0.0 
45.8025 126.5253 76.1726 66 82 20 20 3 10 1 2 1 10 0 73 0 1 65 22 1 0.0 
45.7943 126.5086 42.1646 82 83 69 22 3 10 2 2 1 10 0 42 1 1 9 20 1 0.0 
45.7961 126.5175 62.4090 3 70 16 34 2 10 3 1 1 10 1 87 0 0 83 18 1 0.0 
45.8057 126.5234 97.2154 89 91 5 27 2 10 3 2 1 10 1 76 0 0 24 58 1 0.0 
45.8121 126.5278 79.3472 3 79 76 12 1 10 2 1 1 10 0 77 0 0 65 42 1 0.0 
45.8222 126.5099 70.7440 100 96 17 35 4 10 1 1 1 10 1 21 0 0 43 32 1 0.0 
45.8047 126.5068 83.8819 86 74 95 22 2 10 3 1 1 10 0 78 0 0 1 70 1 0.0 
45.8039 126.5271 72.6195 100 92 90 19 1 10 1 1 1 10 1 37 1 1 37 53 1 0.0 
45.8106 126.5216 117.2822 20 99 81 46 2 10 3 2 1 10 0 14 0 0 7 55 1 0.0 
45.7933 126.5258 31.1442 39 90 42 25 3 10 1 1 1 10 0 39 1 1 45 75 1 0.0 
45.8183 126.5141 102.0275 38 84 90 41 2 10 4 1 1 10 0 23 1 0 61 4 1 0.0 
45.8055 126.5106 105.0840 5 96 95 45 1 10 4 1 1 10 1 59 0 1 30 83 1 0.0 
45.8068 126.5086 99.5874 73 96 64 10 2 10 3 2 1 10 1 76 1 1 66 86 1 0.0 
45.7985 126.5276 49.6638 49 86 24 11 3 10 4 1 1 10 1 37 1 0 51 47 1 0.0 
45.8007 126.5272 60.4383 17 70 91 35 2 10 4 1 1 10 1 82 0 0 25 7 1 0.0 
45.7977 126.5146 71.9057 33 86 22 31 4 10 3 1 1 10 0 48 0 0 22 3 1 0.0 
45.8073 126.5069 91.2412 76 84 76 29 2 10 4 1 1 10 1 57 0 1 10 21 1 0.0 
45.7955 126.5259 42.2396 50 97 77 44 4 10 1 2 1 10 1 59 1 0 9 21 1 0.0 
45.8031 126.5129 101.2847 86 98 52 25 2 10 4 1 1 10 1 82 0 0 69 15 1 0.0 
45.8193 126.5273 64.9434 33 93 7 12 2 10 3 2 1 10 1 89 1 0 26 19 1 0.0 
45.8215 126.5072 65.8949 19 82 75 42 3 10 4 1 1 10 0 77 1 0 75 99 1 0.0 
45.8208 126.5265 62.4740 58 97 15 7 1 10 1 1 1 10 0 81 0 1 57 51 1 0.0 
45.8109 126.5156 146.3934 51 92 85 4 4 10 2 2 1 10 1 62 0 1 70 5 1 0.0 
45.7960 126.5123 59.6355 17 100 75 34 3 10 2 1 1 10 1 89 1 0 6 86 1 0.0 
45.8029 126.5197 99.0063 10 95 11 36 2 10 1 2 1 10 0 59 1 0 53 95 1 0.0 
45.8244 126.5299 32.8428 46 74 14 32 2 10 1 1 1 10 1 91 1 0 71 15 1 0.0 
45.8184 126.5054 70.4471 53 86 21 45 2 10 4 2 1 10 0 9 0 1 17 11 1 0.0 
45.8018 126.5196 93.2758 93 91 77 22 4 10 4 1 1 10 1 6 0 0 91 67 1 0.0 
45.8210 126.5193 84.8347 70 80 48 7 3 10 4 1 1 10 0 71 0 1 65 72 1 0.0 
45.7952 126.5249 43.4592 3 70 89 48 3 10 2 1 1 10 0 11 1 0 8 78 1 0.0 
45.8083 126.5066 91.0244 83 88 28 18 3 10 3 1 1 10 1 54 1 1 88 31 1 0.0 
45.8197 126.5094 82.1599 71 72 87 38 4 10 2 1 1 10 0 6 0 0 94 81 1 0.0 
45.7975 126.5225 62.4581 47 87 71 42 3 10 3 1 1 10 0 39 0 1 92 97 1 0.0 
45.8176 126.5139 105.6485 79 100 72 5 2 10 2 2 1 10 0 98 1 0 87 7 1 0.0 
45.8186 126.5300 54.0521 54 89 93 5 3 10 3 1 1 10 0 63 1 1 6 68 1 0.0 
45.8161 126.5056 78.7920 40 82 73 46 3 10 1 1 1 10 0 96 0 0 86 16 1 0.0 
45.7969 126.5127 64.9524 52 88 55 8 3 10 1 1 1 10 0 10 1 1 24 51 1 0.0 
45.8004 126.5292 50.5185 34 70 100 17 3 10 3 2 1 10 1 31 0 0 62 31 1 0.0 
45.8133 126.5233 103.6724 60 96 77 14 1 10 2 1 1 10 0 41 0 1 66 70 1 0.0 
45.7962 126.5070 47.5699 93 75 24 25 1 10 4 1 1 10 0 15 0 0 66 9 1 0.0 
45.8021 126.5059 70.3025 32 95 34 36 4 10 2 2 1 10 0 94 0 1 16 24 1 0.0 
45.8104 126.5090 107.1377 21 92 35 43 1 10 2 1 1 10 0 89 1 1 24 57 1 0.0 
45.8199 126.5250 72.4365 4 70 58 26 3 10 1 2 1 10 1 33 0 1 77 83 1 0.0 
45.8193 126.5300 51.6122 26 72 30 12 4 10 1 1 1 10 0 6 1 0 95 65 1 0.0 
45.8079 126.5171 132.4429 20 89 36 41 4 10 3 2 1 10 0 87 1 0 91 71 1 0.0 
45.7981 126.5284 44.8559 34 93 95 36 4 10 2 2 1 10 0 36 0 1 86 77 1 0.0 
45.8199 126.5181 92.9565 8 74 70 27 3 10 3 1 1 10 0 30 1 0 39 63 1 0.0 
45.8029 126.5251 78.8320 34 95 60 10 3 10 4 2 1 10 1 79 0 1 79 30 1 0.0 
45.8190 126.5100 87.8992 34 74 94 44 3 10 1 1 1 10 0 98 1 1 4 77 1 0.0 
45.8058 126.5108 107.1809 94 92 1 33 3 10 1 2 1 10 0 21 1 0 80 16 1 0.0 
45.7962 126.5266 43.0175 36 94 28 41 4 10 1 1 1 10 0 6 1 0 34 51 1 0.0 
45.8008 126.5081 74.1928 4 95 72 18 3 10 1 2 1 10 1 79 0 1 74 43 1 0.0 
45.8179 126.5275 68.6921 29 93 64 9 1 10 2 1 1 10 0 39 0 0 32 11 1 0.0 
45.8064 126.5151 124.1429 26 75 66 26 4 10 1 1 1 10 1 29 0 0 55 61 1 0.0 
45.8238 126.5137 69.4188 55 75 11 6 4 10 3 2 1 10 1 64 1 0 75 19 1 0.0 
45.8107 126.5101 113.7708 36 92 94 24 1 10 3 1 1 10 1 13 1 1 98 13 1 0.0 
45.7935 126.5267 29.1532 100 87 14 11 4 10 4 2 1 10 1 4 1 0 59 59 1 0.0 
45.8107 126.5231 108.0365 81 98 83 22 4 10 2 1 1 10 0 45 1 1 65 86 1 0.0 
45.8211 126.5178 86.2875 63 95 21 13 3 10 1 2 1 10 1 37 1 0 62 39 1 0.0 
45.8199 126.5065 69.4452 68 96 38 26 1 10 2 1 1 10 1 63 0 0 90 42 1 0.0 
45.8200 126.5273 62.0119 5 95 55 39 2 10 1 2 1 10 0 33 0 0 45 7 1 0.0 
45.8003 126.5204 82.7233 79 96 43 30 1 10 3 1 1 10 0 74 1 0 69 60 1 0.0 
45.8185 126.5052 69.2986 16 76 34 38 4 10 3 1 1 10 1 4 0 1 87 57 1 0.0 
45.8171 126.5093 93.6061 8 89 77 27 2 10 1 1 1 10 1 51 0 0 1 70 1 0.0 
45.8229 126.5225 66.9353 58 83 17 24 1 10 2 2 1 10 1 90 0 0 30 99 1 0.0 
45.8156 126.5099 101.9692 46 93 41 47 4 10 4 2 1 10 0 14 1 0 26 15 1 0.0 
45.8061 126.5258 85.8153 12 83 39 33 4 10 4 1 1 10 0 49 1 0 59 43 1 0.0 
45.8088 126.5233 105.4456 46 84 25 35 3 10 2 1 1 10 0 44 1 1 69 29 1 0.0 
45.7998 126.5297 45.9306 49 75 66 9 2 10 4 1 1 10 1 22 1 1 76 55 1 0.0 
45.8198 126.5122 89.9707 63 100 66 42 4 10 4 1 1 10 0 83 1 0 98 31 1 0.0 
45.8206 126.5162 89.7156 43 84 74 15 4 10 2 1 1 10 1 56 0 0 86 80 1 0.0 
45.7933 126.5261 29.7680 50 95 55 16 4 10 1 2 1 10 1 60 0 0 24 26 1 0.0 
45.7947 126.5056 35.5670 17 90 59 34 3 10 1 1 1 10 1 40 1 1 66 24 1 0.0 
45.8213 126.5102 76.6429 48 94 50 21 4 10 3 2 1 10 0 54 0 0 11 38 1 0.0 
45.7964 126.5260 46.1000 28 78 79 11 1 10 1 2 1 10 1 87 0 0 35 81 1 0.0 
45.8224 126.5239 64.7208 29 100 90 8 1 10 2 1 1 10 1 65 1 0 21 8 1 0.0 
45.8088 126.5146 136.2380 41 82 94 47 3 10 4 2 1 10 1 94 0 1 69 62 1 0.0 
45.7935 126.5156 47.5258 54 77 21 4 2 10 3 1 1 10 0 48 1 0 51 40 1 0.0 
45.7985 126.5068 58.3307 53 99 70 49 4 10 4 1 1 10 1 69 0 1 61 18 1 0.0 
45.7936 126.5243 36.5620 56 83 3 37 1 10 4 2 1 10 0 76 0 1 74 94 1 0.0 
45.8145 126.5149 125.8285 32 95 11 34 2 10 4 1 1 10 0 64 1 0 48 98 1 0.0 
45.8186 126.5212 92.8997 18 77 29 38 1 10 4 2 1 10 0 71 1 1 58 64 1 0.0 
45.8067 126.5095 104.0373 91 87 67 12 4 10 3 2 1 10 1 3 0 0 63 25 1 0.0 
45.8063 126.5153 123.8813 2 91 54 28 1 10 3 2 1 10 0 69 1 0 14 57 1 0.0 
45.8060 126.5241 94.8402 6 70 52 12 3 10 3 2 1 10 1 26 0 0 85 40 1 0.0 
45.8006 126.5281 56.1041 73 86 93 45 1 10 4 1 1 10 1 65 1 0 41 72 1 0.0 
45.8105 126.5234 106.2643 53 71 81 27 2 10 3 1 1 10 0 45 0 0 7 91 1 0.0 
45.8119 126.5165 141.9396 53 88 62 8 2 10 4 2 1 10 0 58 1 0 78 79 1 0.0 
45.7941 126.5234 41.8243 27 87 11 12 3 10 3 1 1 10 1 58 1 0 69 21 1 0.0 
45.8127 126.5218 113.3386 57 70 84 8 4 10 4 2 1 10 1 23 1 1 80 2 1 0.0 
45.8224 126.5114 73.9405 66 82 15 29 4 10 1 1 1 10 1 98 0 0 51 23 1 0.0 
45.8046 126.5219 100.2700 37 78 89 22 3 10 1 2 1 10 1 70 1 1 48 67 1 0.0 
45.7992 126.5183 80.0963 35 73 72 28 1 10 3 1 1 10 1 75 0 1 36 70 1 0.0 
45.8072 126.5269 81.9316 70 85 54 39 1 10 2 1 1 10 0 93 0 0 97 78 1 0.0 
45.8169 126.5296 60.3187 83 94 98 40 2 10 4 2 1 10 0 39 1 1 81 66 1 0.0 
45.8034 126.5077 83.7432 59 95 69 39 2 10 1 1 1 10 0 22 1 0 11 62 1 0.0 
45.8008 126.5184 89.8956 16 88 86 12 1 10 3 1 1 10 1 66 1 1 79 20 1 0.0 
45.8024 126.5236 83.6070 10 98 28 5 1 10 2 1 1 10 0 21 0 0 72 89 1 0.0 
45.8023 126.5108 90.7284 48 71 96 45 1 10 2 2 1 10 0 58 1 1 44 85 1 0.0 
45.7932 126.5273 25.9241 90 92 8 21 4 10 4 2 1 10 0 10 1 1 44 60 1 0.0 
45.8092 126.5274 81.4798 87 70 67 12 1 10 3 2 1 10 0 15 1 0 54 67 1 0.0 
45.8009 126.5141 90.8733 32 86 71 5 4 10 2 1 1 10 0 94 0 1 20 22 1 0.0 
45.8092 126.5091 107.1390 37 89 93 26 3 10 3 2 1 10 1 58 0 0 24 94 1 0.0 
45.8182 126.5218 93.3430 22 100 66 15 3 10 1 2 1 10 0 79 0 0 63 70 1 0.0 
45.7997 126.5110 77.7226 84 80 15 48 4 10 2 1 1 10 1 32 0 1 22 6 1 0.0 
45.7969 126.5187 66.4954 75 81 25 41 1 10 2 1 1 10 0 6 0 1 2 59 1 0.0 
45.8000 126.5209 80.1918 72 100 7 30 2 10 1 2 1 10 0 41 1 1 8 33 1 0.0 
45.7986 126.5298 40.8425 65 94 50 42 3 10 2 2 1 10 1 3 1 1 18 98 1 0.0 
45.8072 126.5248 94.2505 9 71 67 4 4 10 4 2 1 10 0 77 1 1 88 54 1 0.0 
45.8214 126.5153 85.3040 100 87 40 17 3 10 2 1 1 10 1 69 0 1 49 69 1 0.0 
45.8174 126.5258 79.0511 98 81 13 31 2 10 1 1 1 10 1 88 0 1 40 78 1 0.0 
45.7974 126.5299 35.4774 58 90 62 28 4 10 1 1 1 10 0 51 1 0 67 57 1 0.0 
45.8124 126.5170 137.9111 34 73 8 19 1 10 2 1 1 10 0 99 1 1 94 29 1 0.0 
45.8114 126.5085 104.2207 65 97 96 40 2 10 3 1 1 10 0 77 0 0 51 49 1 0.0 
45.8148 126.5070 89.9697 16 85 11 14 1 10 4 2 1 10 0 7 0 1 32 13 1 0.0 
45.8085 126.5171 136.2359 47 76 30 19 1 10 4 2 1 10 1 23 1 0 28 1 1 0.0 
45.8077 126.5089 103.4576 12 90 69 29 3 10 2 1 1 10 1 90 0 1 55 37 1 0.0 
45.8073 126.5266 83.9924 66 96 43 7 1 10 2 2 1 10 1 15 1 1 70 30 1 0.0 
45.8189 126.5103 89.1517 22 75 3 4 4 10 3 1 1 10 0 28 1 0 51 59 1 0.0 
45.8011 126.5282 57.8111 32 79 75 47 3 10 1 1 1 10 1 47 0 1 28 29 1 0.0 
45.8023 126.5206 93.4366 5 92 91 49 1 10 1 2 1 10 0 76 0 0 97 52 1 0.0 
45.7978 126.5176 72.3967 22 96 37 3 3 10 1 1 1 10 1 98 0 1 59 22 1 0.0 
45.7948 126.5173 54.6673 93 90 69 36 2 10 4 1 1 10 1 65 0 0 56 30 1 0.0 
45.8211 126.5141 85.8823 77 82 87 48 3 10 1 1 1 10 0 90 1 0 37 71 1 0.0 
45.7975 126.5114 66.6446 60 92 16 3 2 10 4 1 1 10 0 11 0 1 45 76 1 0.0 
45.8154 126.5099 103.0993 91 84 65 48 2 10 4 1 1 10 1 47 1 1 68 15 1 0.0 
45.8150 126.5227 102.1750 5 88 12 19 1 10 4 2 1 10 0 13 0 0 25 13 1 0.0 
45.8033 126.5285 63.5517 75 85 81 6 3 10 4 2 1 10 0 59 0 0 3 95 1 0.0 
45.8213 126.5065 63.8893 72 80 47 18 2 10 4 1 1 10 0 76 0 1 22 31 1 0.0 
45.7942 126.5165 51.7965 52 88 17 16 4 10 2 1 1 10 0 60 1 0 27 82 1 0.0 
45.8218 126.5092 71.3853 15 81 45 15 2 10 3 1 1 10 1 63 0 0 14 48 1 0.0 
45.8137 126.5198 120.8181 83 84 97 14 4 10 1 2 1 10 1 86 0 1 60 9 1 0.0 
45.8193 126.5244 78.1163 4 100 26 26 2 10 2 1 1 10 1 40 1 0 62 93 1 0.0 
45.8050 126.5262 80.4420 39 95 79 21 1 10 2 2 1 10 0 62 1 1 34 22 1 0.0 
45.7954 126.5252 43.7913 1 85 78 27 2 10 4 1 1 10 1 50 0 0 34 60 1 0.0 
45.8038 126.5080 86.3773 23 93 59 1 2 10 4 2 1 10 0 82 0 0 41 43 1 0.0 
45.7991 126.5219 72.3799 64 84 60 41 3 10 2 2 1 10 1 39 0 1 67 94 1 0.0 
45.8150 126.5286 70.5894 33 86 41 21 1 10 1 2 1 10 1 23 0 1 4 47 1 0.0 
45.8157 126.5068 86.4206 48 92 68 18 4 10 1 1 1 10 0 79 0 1 4 49 1 0.0 
45.8191 126.5203 92.7952 9 70 87 28 2 10 1 1 1 10 0 29 0 0 58 38 1 0.0 
45.8210 126.5244 70.3678 73 71 93 49 3 10 2 1 1 10 0 81 0 1 82 37 1 0.0 
45.8001 126.5099 77.0055 72 82 18 14 2 10 3 1 1 10 0 36 0 1 57 65 1 0.0 
45.8097 126.5218 115.3321 38 99 96 13 2 10 4 2 1 10 1 46 0 1 82 88 1 0.0 
45.8231 126.5239 61.6214 4 81 20 32 3 10 3 2 1 10 0 85 0 0 29 88 1 0.0 
45.8035 126.5071 81.3870 92 83 78 14 1 10 4 2 1 10 0 33 1 1 43 60 1 0.0 
45.8012 126.5108 85.0437 60 79 70 26 1 10 2 1 1 10 1 61 1 1 1 52 1 0.0 
45.8151 126.5177 121.2109 71 85 37 6 1 10 4 1 1 10 0 72 1 0 85 80 1 0.0 
45.8163 126.5128 110.5757 87 85 61 18 2 10 2 1 1 10 1 34 1 1 32 94 1 0.0 
45.7986 126.5158 78.0871 52 96 4 42 4 10 4 1 1 10 1 9 1 1 84 69 1 0.0 
45.8016 126.5159 96.1097 16 72 78 4 3 10 2 2 1 10 0 41 0 1 38 49 1 0.0 
45.8190 126.5237 82.0293 42 72 61 41 3 10 3 2 1 10 1 74 1 1 66 84 1 0.0 
45.8029 126.5113 95.3484 24 72 49 46 4 10 3 1 1 10 0 93 1 1 62 79 1 0.0 
45.8057 126.5216 106.0934 41 93 6 6 1 10 2 1 1 10 0 11 1 1 42 19 1 0.0 
45.8107 126.5217 116.1841 11 79 12 22 3 10 1 1 1 10 0 69 1 1 71 99 1 0.0 
45.8246 126.5266 45.1312 50 82 21 6 2 10 3 1 1 10 1 35 1 1 51 65 1 0.0 
45.8068 126.5203 116.0228 52 98 97 26 4 10 3 2 1 10 1 41 1 1 86 24 1 0.0 
45.8071 126.5163 128.9248 9 78 60 12 1 10 4 1 1 10 1 10 1 0 7 33 1 0.0 
45.8077 126.5164 132.2357 73 80 3 10 2 10 4 1 1 10 1 38 1 0 59 9 1 0.0 
45.8232 126.5092 63.6422 24 97 41 11 2 10 2 1 1 10 1 81 1 0 96 30 1 0.0 
45.8075 126.5222 109.2466 14 92 40 12 2 10 4 1 1 10 0 86 1 0 40 39 1 0.0 
45.8124 126.5052 83.9842 40 77 50 46 2 10 1 1 1 10 1 20 0 1 73 94 1 0.0 
45.8219 126.5255 62.0626 43 87 37 40 3 10 2 2 1 10 0 33 1 1 35 91 1 0.0 
45.8241 126.5278 42.9229 56 100 39 24 3 10 1 2 1 10 0 17 1 0 35 34 1 0.0 
45.7985 126.5220 69.4406 95 88 35 10 1 10 1 2 1 10 1 24 0 1 77 52 1 0.0 
45.8117 126.5165 142.7722 33 79 41 25 4 10 2 1 1 10 0 28 1 0 6 76 1 0.0 
45.8031 126.5181 103.6219 75 88 37 12 2 10 1 1 1 10 1 89 1 1 70 19 1 0.0 
45.8023 126.5171 99.5798 35 89 30 38 3 10 1 1 1 10 0 69 0 1 53 51 1 0.0 
45.8043 126.5265 77.0355 86 90 11 48 1 10 1 2 1 10 0 30 0 1 35 70 1 0.0 
45.8181 126.5069 79.0056 68 95 65 16 1 10 3 1 1 10 0 34 1 0 15 8 1 0.0 
45.8131 126.5253 92.6639 48 76 59 21 1 10 3 2 1 10 1 11 1 1 32 11 1 0.0 
45.8047 126.5232 94.2826 39 80 58 35 1 10 2 1 1 10 1 45 1 1 39 25 1 0.0 
45.8161 126.5269 77.3588 46 99 81 47 1 10 2 1 1 10 1 72 0 0 54 10 1 0.0 
45.8084 126.5225 109.4036 18 91 44 32 4 10 4 2 1 10 1 20 1 1 86 35 1 0.0 
45.8195 126.5079 77.3941 34 94 48 29 2 10 3 2 1 10 1 14 0 1 5 92 1 0.0 
45.8155 126.5102 104.0885 71 89 43 18 3 10 3 2 1 10 1 77 1 1 43 12 1 0.0 
45.7937 126.5064 32.7894 6 86 2 26 3 10 1 1 1 10 1 34 1 1 57 74 1 0.0 
45.8127 126.5171 135.8728 67 72 17 2 4 10 1 2 1 10 1 64 0 0 27 83 1 0.0 
45.8226 126.5161 77.7137 86 100 44 27 4 10 2 2 1 10 0 36 0 1 70 23 1 0.0 
45.8109 126.5073 97.0305 79 92 42 37 1 10 3 1 1 10 0 88 0 1 95 36 1 0.0 
45.7959 126.5094 53.3172 84 77 25 47 3 10 4 1 1 10 0 71 1 0 64 80 1 0.0 
45.8009 126.5284 56.3634 22 80 58 18 1 10 4 1 1 10 0 70 1 0 90 41 1 0.0 
45.8224 126.5278 50.2440 49 99 18 2 4 10 1 1 1 10 0 69 0 1 6 80 1 0.0 
45.8086 126.5172 136.1076 69 88 99 17 4 10 1 1 1 10 1 72 0 0 23 83 1 0.0 
45.8018 126.5296 53.3976 37 81 92 33 4 10 1 2 1 10 1 93 0 0 25 12 1 0.0 
45.8130 126.5127 125.1133 24 97 35 49 3 10 3 2 1 10 1 56 1 1 67 53 1 0.0 
45.8227 126.5096 67.3269 79 91 8 45 4 10 3 2 1 10 0 57 1 1 62 19 1 0.0 
45.8224 126.5120 74.9283 69 89 1 6 3 10 4 2 1 10 0 96 0 1 96 4 1 0.0 
45.7944 126.5257 37.0836 36 99 8 49 4 10 1 1 1 10 1 70 1 0 37 99 1 0.0 
45.8179 126.5084 86.3721 32 89 76 14 1 10 3 1 1 10 1 4 1 0 14 74 1 0.0 
45.8108 126.5155 146.1463 23 87 66 15 3 10 3 2 1 10 1 52 1 0 96 79 1 0.0 
45.8208 126.5259 65.2791 43 78 70 20 3 10 4 1 1 10 1 13 0 1 27 23 1 0.0 
45.8246 126.5292 35.1282 29 76 22 29 4 10 2 2 1 10 1 33 0 0 90 7 1 0.0 
45.8147 126.5237 97.9706 6 93 2 49 1 10 2 2 1 10 1 50 0 1 31 9 1 0.0 
45.8064 126.5162 124.7548 99 97 1 23 2 10 1 2 1 10 1 49 0 0 67 79 1 0.0 
45.8159 126.5129 112.7755 53 80 35 36 4 10 1 1 1 10 0 66 0 0 36 80 1 0.0 
45.8028 126.5291 58.8243 34 89 78 48 2 10 1 2 1 10 0 89 1 0 42 72 1 0.0 
45.8175 126.5071 82.0115 43 70 61 45 4 10 1 2 1 10 1 41 0 0 83 98 1 0.0 
45.7933 126.5195 43.9908 34 99 73 24 1 10 2 2 1 10 1 5 1 0 29 51 1 0.0 
45.8152 126.5273 77.2371 75 85 58 49 2 10 3 1 1 10 0 51 0 0 94 68 1 0.0 
45.8157 126.5159 119.6265 17 71 53 41 1 10 3 1 1 10 0 17 1 0 78 25 1 0.0 
45.7942 126.5195 49.3451 42 85 82 48 4 10 1 1 1 10 0 25 0 1 45 62 1 0.0 
45.7931 126.5178 44.2620 9 89 75 19 4 10 2 2 1 10 1 27 1 1 64 54 1 0.0 
45.8053 126.5128 112.2155 25 94 1 12 4 10 2 2 1 10 1 66 1 0 75 95 1 0.0 
45.8186 126.5174 101.3123 32 80 85 26 3 10 3 1 1 10 1 22 1 1 34 37 1 0.0 
45.8118 126.5092 108.0004 60 84 57 49 4 10 4 2 1 10 1 23 0 1 90 21 1 0.0 
45.8124 126.5051 82.9058 55 99 27 5 2 10 1 1 1 10 0 90 1 1 91 94 1 0.0 
45.8112 126.5163 145.9475 23 98 45 8 4 10 4 2 1 10 0 65 1 0 69 84 1 0.0 
45.8145 126.5161 126.7788 66 95 84 42 1 10 1 2 1 10 1 49 0 1 15 78 1 0.0 
45.8200 126.5203 88.0795 24 85 28 36 4 10 4 1 1 10 1 7 1 0 79 48 1 0.0 
45.8009 126.5214 83.8116 29 97 50 7 1 10 3 2 1 10 0 72 0 1 90 42 1 0.0 
45.7944 126.5110 48.3805 57 78 4 36 3 10 4 2 1 10 0 43 0 0 37 34 1 0.0 
45.7935 126.5256 32.5116 67 98 2 21 1 10 2 1 1 10 1 60 0 1 86 71 1 0.0 
45.8142 126.5099 106.9577 50 81 55 18 2 10 1 1 1 10 0 91 0 0 69 95 1 0.0 
45.8065 126.5063 86.1622 47 98 97 40 3 10 4 2 1 10 1 84 0 1 7 23 1 0.0 
45.7997 126.5270 57.7291 65 95 91 14 3 10 1 1 1 10 1 20 0 0 41 1 1 0.0 
45.8197 126.5263 68.0470 94 77 82 26 3 10 2 1 1 10 0 67 1 0 90 54 1 0.0 
45.8146 126.5092 102.2670 84 89 58 26 4 10 4 1 1 10 0 75 1 0 23 3 1 0.0 
45.8201 126.5181 91.8970 5 82 72 35 1 10 3 1 1 10 1 37 0 0 40 22 1 0.0 
45.8125 126.5282 76.3266 67 86 48 22 4 10 2 2 1 10 1 39 1 1 88 5 1 0.0 
45.8166 126.5116 105.0543 69 81 83 45 2 10 1 2 1 10 0 55 1 1 43 78 1 0.0 
45.8092 126.5237 103.5239 25 75 85 24 2 10 3 2 1 10 0 12 0 1 51 18 1 0.0 
45.7952 126.5095 49.4481 79 96 51 6 1 10 3 1 1 10 1 34 1 1 54 35 1 0.0 
45.8242 126.5275 43.2782 16 90 21 43 1 10 1 2 1 10 0 97 0 1 45 23 1 0.0 
45.8090 126.5174 137.6857 35 80 80 29 4 10 2 2 1 10 1 29 0 0 93 42 1 0.0 
45.7949 126.5216 50.0644 91 87 54 36 4 10 2 1 1 10 0 22 1 1 41 21 1 0.0 
45.8212 126.5283 53.0525 59 81 22 11 3 10 1 1 1 10 0 91 1 1 63 71 1 0.0 
45.8195 126.5054 66.5923 52 79 3 35 4 10 2 1 1 10 1 90 0 0 86 83 1 0.0 
45.8070 126.5238 98.8166 75 90 95 16 3 10 1 2 1 10 0 50 0 1 70 47 1 0.0 
45.7941 126.5165 50.9895 24 99 35 25 1 10 2 2 1 10 0 32 0 0 48 33 1 0.0 
45.8248 126.5148 64.6718 33 92 11 34 3 10 4 1 1 10 0 21 0 1 31 90 1 0.0 
45.8049 126.5155 115.5274 8 78 8 1 4 10 2 2 1 10 0 97 0 1 90 36 1 0.0 
45.8046 126.5086 92.4153 49 92 7 46 3 10 1 1 1 10 1 7 0 1 80 19 1 0.0 
45.7972 126.5288 39.4534 83 99 91 21 3 10 3 2 1 10 0 69 1 1 42 66 1 0.0 
45.8149 126.5239 96.7975 4 81 34 34 1 10 1 1 1 10 0 77 0 1 72 3 1 0.0 
45.8126 126.5254 92.6553 42 77 6 40 1 10 2 1 1 10 0 76 0 0 16 10 1 0.0 
45.8151 126.5267 80.8981 18 79 43 35 2 10 3 1 1 10 1 68 1 0 54 97 1 0.0 
45.8189 126.5173 99.5646 35 98 27 13 3 10 3 2 1 10 0 33 1 0 70 34 1 0.0 
45.7962 126.5234 53.1092 49 88 38 33 2 10 4 2 1 10 0 15 1 1 8 41 1 0.0 
45.8129 126.5211 116.7539 36 80 3 2 4 10 4 2 1 10 1 70 1 1 91 96 1 0.0 
45.8034 126.5139 104.8471 96 81 86 12 1 10 1 1 1 10 0 99 0 1 31 79 1 0.0 
45.8151 126.5055 81.0177 58 97 9 34 1 10 2 1 1 10 0 10 1 0 2 99 1 0.0 
45.8202 126.5194 89.0714 92 89 98 12 1 10 2 2 1 10 0 60 1 1 93 86 1 0.0 
45.7991 126.5256 60.5458 45 76 79 12 1 10 1 1 1 10 1 62 0 0 17 9 1 0.0 
45.7999 126.5275 56.4696 55 74 87 39 4 10 3 1 1 10 1 87 0 1 37 46 1 0.0 
45.8198 126.5151 94.4531 1 88 4 22 3 10 3 2 1 10 1 87 0 1 63 70 1 0.0 
45.7951 126.5146 56.4890 59 82 41 11 3 10 2 1 1 10 1 2 1 0 15 5 1 0.0 
45.8084 126.5199 123.6817 80 76 56 33 1 10 2 1 1 10 0 24 1 1 85 41 1 0.0 
45.8228 126.5133 74.6673 96 86 18 38 3 10 2 1 1 10 1 40 0 0 92 23 1 0.0 
45.8046 126.5095 96.4830 37 97 63 6 4 10 2 2 1 10 0 56 0 0 55 67 1 0.0 
45.8081 126.5081 99.6088 100 74 48 1 2 10 4 1 1 10 0 34 0 1 38 32 1 0.0 
45.8067 126.5178 124.5305 57 97 12 42 4 10 4 1 1 10 0 57 1 0 37 44 1 0.0 
45.7943 126.5283 27.8946 81 84 54 35 2 10 4 1 1 10 0 29 1 0 9 70 1 0.0 
45.8111 126.5298 67.6934 17 89 7 21 2 10 1 1 1 10 0 25 1 1 51 61 1 0.0 
45.8219 126.5085 68.2803 85 80 35 40 1 10 4 2 1 10 1 26 1 0 8 2 1 0.0 
45.7979 126.5137 72.5483 7 95 26 4 2 10 3 2 1 10 1 49 1 0 70 91 1 0.0 
45.7988 126.5084 65.5248 75 94 16 18 3 10 4 2 1 10 0 47 0 1 14 31 1 0.0 
45.8216 126.5204 79.3251 16 96 2 15 1 10 3 1 1 10 1 13 1 1 15 2 1 0.0 
45.8064 126.5148 123.5390 11 93 28 3 1 10 2 2 1 10 0 32 1 1 19 87 1 0.0 
45.8084 126.5069 93.5222 9 73 33 45 2 10 3 2 1 10 1 85 1 0 71 33 1 0.0 
45.8094 126.5054 85.3256 58 89 52 10 3 10 3 2 1 10 1 25 1 1 92 47 1 0.0 
45.8112 126.5117 123.5854 65 77 73 49 2 10 2 1 1 10 0 50 0 1 90 52 1 0.0 
45.7933 126.5197 43.7333 15 81 76 25 2 10 4 2 1 10 0 36 0 1 21 82 1 0.0 
45.8085 126.5204 121.3523 51 88 59 10 2 10 2 2 1 10 1 91 0 0 76 73 1 0.0 
45.8224 126.5150 78.9723 98 76 36 4 2 10 4 1 1 10 1 80 0 0 42 96 1 0.0 
45.7955 126.5069 43.9774 6 94 31 43 4 10 3 2 1 10 0 4 1 0 3 45 1 0.0 
45.8100 126.5074 97.8384 85 94 85 45 4 10 2 1 1 10 0 35 1 0 76 81 1 0.0 
45.8192 126.5051 66.1656 86 88 17 28 4 10 4 1 1 10 1 81 1 0 61 52 1 0.0 
45.8183 126.5165 103.4790 87 86 98 41 2 10 1 1 1 10 1 65 1 1 26 56 1 0.0 
45.8224 126.5055 54.9311 2 82 28 35 2 10 1 2 1 10 1 55 1 1 77 3 1 0.0 
45.8062 126.5255 87.7465 30 91 6 46 2 10 2 1 1 10 1 34 1 0 36 96 1 0.0 
45.8040 126.5128 105.7108 82 86 86 14 4 10 1 1 1 10 0 95 1 1 25 9 1 0.0 
45.8042 126.5223 96.6790 59 98 53 29 2 10 2 1 1 10 0 72 0 0 93 90 1 0.0 
45.8227 126.5235 64.6312 73 88 46 35 1 10 2 1 1 10 0 57 0 1 71 73 1 0.0 
45.8075 126.5078 97.0242 52 80 23 43 1 10 4 2 1 10 0 65 0 1 6 97 1 0.0 
45.7963 126.5101 57.0332 13 95 56 32 1 10 3 1 1 10 0 12 0 1 56 40 1 0.0 
45.7995 126.5191 81.0004 29 87 89 45 1 10 1 1 1 10 1 5 1 0 41 62 1 0.0 
45.8081 126.5191 126.6052 85 78 27 48 1 10 3 1 1 10 0 76 0 0 80 6 1 0.0 
45.7956 126.5242 47.6623 54 73 31 39 3 10 3 2 1 10 1 92 0 1 42 16 1 0.0 
45.8021 126.5162 98.9546 67 92 49 47 3 10 2 2 1 10 1 90 1 0 58 28 1 0.0 
45.8190 126.5278 63.8243 93 98 73 25 4 10 1 2 1 10 0 46 0 1 40 16 1 0.0 
45.8167 126.5163 113.2865 49 89 51 39 1 10 1 2 1 10 1 21 1 0 56 69 1 0.0 
45.8199 126.5105 84.8254 98 76 58 30 3 10 3 1 1 10 1 93 0 0 65 72 1 0.0 
45.8206 126.5172 89.3715 39 90 41 24 3 10 2 2 1 10 0 65 1 1 21 74 1 0.0 
45.8041 126.5134 108.0346 29 86 27 27 3 10 4 1 1 10 0 8 0 0 34 96 1 0.0 
45.7951 126.5089 47.3001 36 88 93 7 1 10 4 2 1 10 0 63 1 0 90 95 1 0.0 
45.8086 126.5126 125.8241 86 77 59 43 2 10 1 1 1 10 0 98 1 1 7 94 1 0.0 
45.8213 126.5298 45.6270 52 90 62 45 1 10 3 1 1 10 1 1 1 0 42 95 1 0.0 
45.8122 126.5096 109.9703 37 91 58 22 2 10 3 2 1 10 1 95 1 0 29 35 1 0.0 
45.8025 126.5231 85.6587 46 91 54 10 2 10 2 1 1 10 1 24 1 0 7 93 1 0.0 
45.8215 126.5174 84.1020 87 96 74 13 2 10 2 1 1 10 1 15 1 1 88 31 1 0.0 
45.7941 126.5073 37.9937 89 91 48 24 4 10 3 1 1 10 0 46 1 0 73 22 1 0.0 
45.7934 126.5053 28.0498 37 93 86 40 1 10 2 1 1 10 1 6 0 0 7 63 1 0.0 
45.7964 126.5286 36.4022 50 94 79 39 4 10 1 1 1 10 0 61 1 0 41 33 1 0.0 
45.8203 126.5159 91.8035 98 82 17 26 3 10 3 1 1 10 1 30 0 1 54 46 1 0.0 
45.8178 126.5151 106.1387 34 100 45 22 4 10 4 1 1 10 0 88 1 0 49 96 1 0.0 
45.8166 126.5161 113.8711 31 91 43 21 3 10 1 2 1 10 0 8 1 1 96 82 1 0.0 
45.7951 126.5119 53.8447 6 71 52 23 3 10 3 1 1 10 1 25 0 0 86 13 1 0.0 
45.8009 126.5232 77.8960 99 97 80 10 1 10 2 1 1 10 1 63 0 1 9 3 1 0.0 
45.8181 126.5148 104.5077 28 86 89 17 1 10 3 1 1 10 0 58 1 1 46 6 1 0.0 
45.8179 126.5059 74.7094 90 99 88 40 2 10 2 2 1 10 1 25 1 1 98 21 1 0.0 
45.8143 126.5186 123.3786 10 97 7 48 4 10 4 1 1 10 0 62 0 1 81 62 1 0.0 
45.8088 126.5169 138.3294 39 91 36 15 1 10 4 1 1 10 1 95 1 1 91 71 1 0.0 
45.8182 126.5231 87.5854 2 92 87 13 1 10 2 1 1 10 1 68 0 1 78 67 1 0.0 
45.8016 126.5234 80.4193 99 85 99 12 2 10 3 1 1 10 1 70 1 1 73 85 1 0.0 
45.8190 126.5265 69.5671 90 82 84 40 4 10 1 1 1 10 0 64 0 1 96 28 1 0.0 
45.8127 126.5072 95.3633 51 87 93 20 4 10 2 1 1 10 0 80 0 0 22 66 1 0.0 
45.8069 126.5133 122.4827 81 94 33 10 1 10 1 1 1 10 0 58 1 0 15 5 1 0.0 
45.8006 126.5112 83.1992 96 83 39 41 1 10 3 1 1 10 0 33 1 0 9 72 1 0.0 
45.8037 126.5262 76.6360 85 91 11 33 4 10 2 1 1 10 1 20 0 1 63 53 1 0.0 
45.7936 126.5168 47.9246 23 89 17 2 1 10 3 2 1 10 1 41 0 1 92 10 1 0.0 
45.8009 126.5134 89.3649 1 82 41 34 1 10 1 2 1 10 0 14 0 1 33 98 1 0.0 
45.8150 126.5104 106.7045 97 89 11 18 4 10 2 1 1 10 0 34 0 1 55 63 1 0.0 
45.8075 126.5172 130.4759 90 82 2 38 1 10 2 2 1 10 0 53 1 1 23 17 1 0.0 
45.8240 126.5210 64.3628 100 86 31 5 1 10 2 2 1 10 0 12 1 1 2 77 1 0.0 
45.8161 126.5211 105.6344 52 78 85 6 3 10 3 1 1 10 1 3 1 0 95 10 1 0.0 
45.8206 126.5292 50.9683 68 74 3 31 1 10 1 1 1 10 1 57 1 1 36 26 1 0.0 
45.8002 126.5181 86.5746 70 70 71 34 1 10 4 1 1 10 0 83 0 0 4 97 1 0.0 
45.8217 126.5078 67.0607 49 70 71 39 4 10 2 1 1 10 1 36 0 0 80 12 1 0.0 
45.8103 126.5193 130.9057 83 95 22 43 3 10 3 1 1 10 0 83 0 0 19 28 1 0.0 
45.8032 126.5112 97.0053 37 80 17 20 3 10 1 2 1 10 1 64 1 1 56 94 1 0.0 
45.8189 126.5078 79.5051 12 86 64 9 1 10 1 2 1 10 1 2 0 0 5 66 1 0.0 
45.8158 126.5198 111.5912 49 72 54 8 3 10 4 1 1 10 0 93 1 1 50 38 1 0.0 
45.8115 126.5144 138.3478 17 88 12 13 2 10 4 2 1 10 0 98 1 1 24 66 1 0.0 
45.8189 126.5064 73.3653 86 74 39 25 3 10 4 1 1 10 0 65 0 1 92 83 1 0.0 
45.7970 126.5201 64.6376 65 88 76 15 3 10 4 1 1 10 1 90 0 1 65 4 1 0.0 
45.8135 126.5107 112.9558 16 75 5 7 4 10 1 1 1 10 1 86 0 0 31 28 1 0.0 
45.8204 126.5298 49.0909 12 96 73 48 3 10 1 2 1 10 1 39 1 0 50 58 1 0.0 
45.8235 126.5254 54.6274 60 81 2 20 3 10 2 2 1 10 1 12 0 0 54 52 1 0.0 
45.8108 126.5108 118.4626 19 95 94 46 4 10 1 1 1 10 0 50 1 0 6 94 1 0.0 
45.8179 126.5175 105.6611 38 73 70 9 4 10 2 2 1 10 0 51 1 0 97 27 1 0.0 
45.8051 126.5206 107.3509 83 92 37 4 3 10 2 2 1 10 1 35 0 1 96 46 1 0.0 
45.8173 126.5209 100.2561 97 87 25 12 2 10 1 1 1 10 1 4 1 0 5 65 1 0.0 
45.8008 126.5137 89.4570 90 76 8 21 4 10 3 2 1 10 0 12 1 0 72 47 1 0.0 
45.8113 126.5091 107.9458 89 92 99 39 1 10 3 1 1 10 1 28 0 0 41 30 1 0.0 
45.8132 126.5105 112.8388 22 95 44 47 2 10 2 2 1 10 1 25 1 1 69 42 1 0.0 
45.8121 126.5109 117.3891 59 87 96 22 2 10 1 1 1 10 0 24 1 0 3 53 1 0.0 
45.8111 126.5075 98.0663 77 73 18 42 1 10 3 1 1 10 0 81 1 0 13 90 1 0.0 
45.8125 126.5257 91.2794 59 76 27 6 3 10 2 1 1 10 0 11 0 1 92 21 1 0.0 
45.8232 126.5292 40.9001 98 96 5 39 4 10 3 1 1 10 0 95 1 1 99 60 1 0.0 
45.8213 126.5092 73.6462 28 79 94 28 2 10 4 1 1 10 1 59 0 0 26 16 1 0.0 
45.8156 126.5183 117.4154 24 73 70 48 4 10 1 1 1 10 1 33 1 0 22 17 1 0.0 
45.7995 126.5296 45.1938 23 83 13 39 4 10 4 1 1 10 0 90 0 1 6 21 1 0.0 
45.8070 126.5116 115.4141 56 84 83 33 4 10 2 2 1 10 1 88 0 1 56 42 1 0.0 
45.7938 126.5161 48.9099 14 95 18 30 1 10 3 2 1 10 1 88 1 0 70 88 1 0.0 
45.8245 126.5153 66.1745 79 75 87 28 1 10 2 1 1 10 1 58 0 0 38 55 1 0.0 
45.7955 126.5216 53.2935 58 80 43 42 3 10 4 1 1 10 1 67 1 0 92 77 1 0.0 
45.7978 126.5223 64.9338 57 86 23 9 1 10 3 1 1 10 0 5 0 1 23 4 1 0.0 
45.8005 126.5189 87.3140 34 77 73 42 4 10 3 1 1 10 1 29 0 1 25 89 1 0.0 
45.8127 126.5227 108.6059 12 81 68 40 2 10 3 2 1 10 0 64 1 1 18 49 1 0.0 
45.8178 126.5191 102.8760 2 84 36 29 2 10 2 2 1 10 1 63 1 1 50 77 1 0.0 
45.8155 126.5197 113.5193 59 81 26 30 1 10 1 1 1 10 1 16 1 0 38 99 1 0.0 
45.8200 126.5145 92.5550 88 77 31 38 2 10 3 1 1 10 1 13 0 0 54 5 1 0.0 
45.7953 126.5098 50.8979 50 93 41 31 2 10 1 1 1 10 0 63 1 1 95 52 1 0.0 
45.7942 126.5170 51.4615 61 70 62 28 1 10 4 2 1 10 0 79 0 0 20 80 1 0.0 
45.8180 126.5287 62.2164 82 89 25 14 3 10 1 2 1 10 1 46 0 0 54 98 1 0.0 
45.8064 126.5180 122.4416 17 96 94 6 4 10 2 2 1 10 0 41 1 1 79 16 1 0.0 
45.7967 126.5161 66.8047 78 88 69 43 4 10 1 1 1 10 0 5 1 0 29 81 1 0.0 
45.8249 126.5190 62.5071 39 70 16 1 4 10 2 2 1 10 0 9 0 1 9 47 1 0.0 
45.8017 126.5131 93.7132 62 93 49 23 4 10 4 1 1 10 1 68 0 1 99 35 1 0.0 
45.8119 126.5125 127.2106 48 95 96 7 1 10 1 1 1 10 1 80 1 1 25 5 1 0.0 
45.8056 126.5051 77.6642 77 91 88 30 4 10 1 1 1 10 1 27 1 1 9 13 1 0.0 
45.8216 126.5096 73.3557 68 82 51 41 4 10 1 2 1 10 1 67 0 1 90 99 1 0.0 
45.8200 126.5173 92.9166 80 97 72 12 4 10 3 1 1 10 0 58 0 0 68 90 1 0.0 
45.8208 126.5164 89.0387 66 75 56 31 1 10 1 2 1 10 0 56 0 1 39 85 1 0.0 
45.8007 126.5075 71.2396 91 81 11 12 4 10 1 1 1 10 0 58 0 0 80 89 1 0.0 
45.8045 126.5126 107.8247 12 86 70 38 4 10 1 2 1 10 1 97 0 1 70 35 1 0.0 
45.8107 126.5253 94.6093 50 99 12 7 1 10 1 2 1 10 1 49 1 1 39 32 1 0.0 
45.8239 126.5282 41.9727 64 75 73 36 1 10 1 1 1 10 0 68 0 0 53 90 1 0.0 
45.8148 126.5282 72.9171 49 89 61 31 4 10 3 2 1 10 1 2 1 0 52 81 1 0.0 
45.7958 126.5056 41.3176 67 85 52 35 2 10 3 2 1 10 0 48 0 0 45 25 1 0.0 
45.8023 126.5220 88.6864 34 81 2 24 1 10 1 2 1 10 0 20 0 1 2 40 1 0.0 
45.8089 126.5075 97.5696 24 73 47 10 4 10 3 2 1 10 1 49 0 1 22 78 1 0.0 
45.8009 126.5240 74.9420 96 81 18 39 3 10 1 1 1 10 1 25 1 0 72 48 1 0.0 
45.7944 126.5257 37.1620 12 81 50 9 2 10 1 2 1 10 1 82 1 0 82 50 1 0.0 
45.8087 126.5231 106.6258 7 88 57 37 4 10 4 2 1 10 1 68 1 1 94 53 1 0.0 
45.7981 126.5263 53.2553 14 76 63 45 2 10 2 1 1 10 0 64 0 1 27 17 1 0.0 
45.8073 126.5084 99.7898 26 86 85 35 4 10 1 2 1 10 0 8 1 0 77 88 1 0.0 
45.8031 126.5283 64.0547 27 75 7 3 1 10 2 1 1 10 0 6 0 0 58 13 1 0.0 
45.8045 126.5099 97.6790 22 85 61 30 4 10 1 2 1 10 1 93 0 0 71 54 1 0.0 
45.8123 126.5125 126.2545 20 87 96 11 4 10 4 1 1 10 1 88 0 1 84 91 1 0.0 
45.7984 126.5081 62.2637 55 95 60 11 4 10 1 1 1 10 1 69 1 1 50 56 1 0.0 
45.8006 126.5251 68.9814 3 85 39 23 2 10 1 1 1 10 0 57 0 1 17 98 1 0.0 
45.7964 126.5124 61.8635 94 96 89 48 1 10 2 1 1 10 0 25 0 1 52 85 1 0.0 
45.8156 126.5167 119.8862 5 83 43 26 3 10 1 2 1 10 1 32 0 0 54 5 1 0.0 
45.8017 126.5198 92.1625 40 98 73 4 2 10 1 1 1 10 0 74 0 1 4 27 1 0.0 
45.7963 126.5056 43.7413 5 71 80 43 1 10 2 1 1 10 0 62 0 0 2 24 1 0.0 
45.7989 126.5214 72.8178 64 88 99 38 2 10 1 1 1 10 1 96 1 0 59 93 1 0.0 
45.8236 126.5225 63.3492 80 97 58 1 3 10 3 1 1 10 1 10 0 1 89 32 1 0.0 
45.7952 126.5201 54.6692 36 84 82 37 4 10 3 1 1 10 1 83 0 1 36 45 1 0.0 
45.8003 126.5096 76.7903 81 99 18 28 4 10 3 2 1 10 1 2 0 0 61 99 1 0.0 
45.8035 126.5078 84.5375 14 92 38 15 3 10 4 1 1 10 0 82 1 0 1 30 1 0.0 
45.8015 126.5286 57.1690 99 86 88 19 2 10 1 1 1 10 0 78 1 0 50 51 1 0.0 
45.8060 126.5270 78.9422 36 80 14 37 2 10 3 1 1 10 1 53 0 1 40 20 1 0.0 
45.8046 126.5269 75.9997 92 81 80 16 3 10 2 2 1 10 1 65 0 0 78 51 1 0.0 
45.8098 126.5121 125.2542 22 93 15 8 4 10 3 2 1 10 0 25 1 1 87 89 1 0.0 
45.8132 126.5243 98.0401 99 80 3 38 3 10 2 1 1 10 1 10 0 0 95 54 1 0.0 
45.8051 126.5219 102.0721 43 82 11 44 3 10 1 2 1 10 1 84 1 1 89 49 1 0.0 
45.8231 126.5053 50.9256 87 87 66 21 1 10 4 2 1 10 1 42 1 1 8 43 1 0.0 
45.8077 126.5186 127.1609 48 87 9 2 3 10 4 1 1 10 1 36 1 1 84 50 1 0.0 
45.8040 126.5115 101.6581 25 74 36 24 2 10 4 1 1 10 0 67 1 0 42 52 1 0.0 
45.8053 126.5064 83.6982 93 87 54 3 4 10 3 2 1 10 0 40 1 1 69 65 1 0.0 
45.8025 126.5153 101.4264 50 94 5 3 1 10 3 1 1 10 1 11 1 0 43 14 1 0.0 
45.8095 126.5112 119.7921 48 93 35 19 3 10 4 1 1 10 1 83 1 1 71 96 1 0.0 
45.8238 126.5101 62.9597 31 90 97 5 1 10 4 1 1 10 1 23 1 0 4 24 1 0.0 
45.8083 126.5110 116.7104 11 91 58 30 4 10 2 2 1 10 1 71 1 0 34 87 1 0.0 
45.8116 126.5190 131.7431 55 90 32 14 2 10 2 1 1 10 0 72 1 1 60 54 1 0.0 
45.7972 126.5240 56.4635 63 80 26 10 1 10 1 2 1 10 1 29 1 0 79 76 1 0.0 
45.8047 126.5154 114.1644 85 70 13 46 1 10 2 2 1 10 1 71 1 1 72 68 1 0.0 
45.8041 126.5286 65.2721 62 70 77 30 3 10 1 1 1 10 1 4 1 0 34 66 1 0.0 
45.8195 126.5205 90.2698 87 84 48 46 3 10 2 2 1 10 0 35 0 0 9 53 1 0.0 
45.7948 126.5087 45.1895 99 84 70 49 2 10 1 1 1 10 1 63 0 0 6 82 1 0.0 
45.7952 126.5165 57.3819 94 80 33 10 4 10 4 2 1 10 1 37 1 1 4 51 1 0.0 
45.8245 126.5056 45.7951 7 70 57 24 2 10 4 1 1 10 0 3 1 0 68 4 1 0.0 
45.7957 126.5192 58.4776 23 79 21 33 3 10 1 1 1 10 0 17 0 0 68 47 1 0.0 
45.8150 126.5086 97.9877 51 84 76 48 2 10 1 2 1 10 0 10 0 1 92 79 1 0.0 
45.8065 126.5105 108.4130 90 93 56 37 4 10 1 1 1 10 0 40 1 0 53 80 1 0.0 
45.8168 126.5275 72.1795 54 95 40 7 1 10 3 1 1 10 0 34 1 1 52 25 1 0.0 
45.8099 126.5204 124.1502 80 87 93 29 4 10 4 2 1 10 1 57 0 0 62 41 1 0.0 
45.7932 126.5161 45.7236 40 100 31 43 3 10 4 1 1 10 1 50 0 0 20 36 1 0.0 
45.8210 126.5065 65.3392 52 79 62 26 2 10 1 1 1 10 0 59 0 1 3 29 1 0.0 
45.7997 126.5215 77.2996 17 73 45 26 4 10 2 2 1 10 0 52 1 0 29 32 1 0.0 
45.8002 126.5053 60.0434 4 100 91 35 3 10 4 2 1 10 1 70 0 1 62 93 1 0.0 
45.8210 126.5225 76.5247 38 99 60 49 3 10 4 2 1 10 0 24 0 1 88 43 1 0.0 
45.8166 126.5184 111.0656 6 90 12 20 1 10 1 2 1 10 0 34 0 0 11 6 1 0.0 
45.7952 126.5057 38.3349 77 86 30 13 3 10 2 1 1 10 0 43 1 0 25 65 1 0.0 
45.8114 126.5212 118.8295 82 80 77 38 2 10 3 1 1 10 0 89 1 1 87 53 1 0.0 
45.8015 126.5227 82.3603 50 87 54 2 2 10 4 1 1 10 1 62 0 0 61 76 1 0.0 
45.7997 126.5190 82.5831 37 74 53 42 2 10 2 1 1 10 1 21 0 1 1 15 1 0.0 
45.7936 126.5093 40.1317 22 88 53 19 1 10 4 1 1 10 0 60 0 1 68 84 1 0.0 
45.7982 126.5216 68.3789 65 85 74 30 4 10 3 2 1 10 0 59 1 1 68 57 1 0.0 
45.7974 126.5098 62.0031 16 95 55 18 4 10 3 1 1 10 1 90 1 1 59 96 1 0.0 
45.8189 126.5110 91.7184 28 73 88 23 2 10 4 2 1 10 0 79 0 1 38 41 1 0.0 
45.7994 126.5229 71.4720 62 89 45 25 1 10 4 2 1 10 0 78 0 0 69 8 1 0.0 
45.8023 126.5151 99.6789 10 84 100 47 1 10 1 1 1 10 0 54 1 0 17 69 1 0.0 
45.8149 126.5159 124.1600 22 87 53 12 1 10 2 2 1 10 0 51 1 0 97 12 1 0.0 
45.7951 126.5270 36.5768 57 75 49 9 2 10 3 2 1 10 1 63 1 1 64 39 1 0.0 
45.8193 126.5243 78.0599 25 98 28 48 4 10 4 1 1 10 1 88 1 1 31 99 1 0.0 
45.7954 126.5189 56.9814 28 83 33 46 2 10 3 1 1 10 0 51 0 0 7 4 1 0.0 
45.8044 126.5079 88.6050 95 86 11 12 4 10 4 1 1 10 1 95 1 1 74 88 1 0.0 
45.8010 126.5158 92.3218 23 88 13 14 3 10 4 2 1 10 0 68 1 1 27 76 1 0.0 
45.8012 126.5214 85.4264 50 99 98 49 3 10 1 1 1 10 1 88 1 0 15 33 1 0.0 
45.8055 126.5291 66.2147 15 100 68 21 2 10 1 2 1 10 1 63 0 1 22 32 1 0.0 
45.8007 126.5232 76.8677 76 89 36 16 1 10 3 2 1 10 1 81 1 1 80 37 1 0.0 
45.8205 126.5263 64.7549 48 80 66 20 1 10 1 1 1 10 0 84 0 1 85 14 1 0.0 
45.8083 126.5275 80.0170 46 81 13 27 3 10 4 2 1 10 1 29 0 0 5 56 1 0.0 
45.8159 126.5123 110.8104 74 92 10 4 2 10 2 1 1 10 0 42 1 1 93 67 1 0.0 
45.8077 126.5265 85.2970 3 88 9 45 3 10 3 1 1 10 1 82 0 1 94 96 1 0.0 
45.8086 126.5120 122.5012 14 87 12 13 1 10 4 2 1 10 0 4 0 0 10 15 1 0.0 
45.8072 126.5277 77.7779 21 81 9 35 1 10 2 1 1 10 1 60 0 0 62 49 1 0.0 
45.8207 126.5141 88.0840 1 91 35 29 4 10 3 1 1 10 0 94 1 1 67 39 1 0.0 
45.8070 126.5058 84.2502 4 70 57 2 3 10 2 2 1 10 1 99 1 0 42 83 1 0.0 
45.8092 126.5237 103.5876 28 89 53 41 1 10 2 2 1 10 1 35 0 1 58 25 1 0.0 
45.8212 126.5103 77.6000 89 96 96 1 2 10 4 2 1 10 0 7 0 1 59 68 1 0.0 
45.7955 126.5061 41.2194 11 78 97 32 3 10 2 1 1 10 1 81 0 1 7 5 1 0.0 
45.8014 126.5109 86.5947 54 96 92 18 4 10 1 2 1 10 0 39 1 1 11 68 1 0.0 
45.8115 126.5051 83.8238 99 84 36 9 2 10 4 1 1 10 1 21 0 1 78 57 1 0.0 
45.8133 126.5192 125.3706 57 100 89 46 3 10 3 1 1 10 0 92 0 0 19 75 1 0.0 
45.8232 126.5060 53.1535 99 95 48 43 1 10 1 2 1 10 0 35 0 1 40 49 1 0.0 
45.8070 126.5051 80.7080 14 88 75 35 1 10 4 1 1 10 1 99 1 1 23 58 1 0.0 
45.7994 126.5278 53.1662 34 96 50 16 4 10 3 1 1 10 1 14 1 1 6 28 1 0.0 
45.8212 126.5162 86.5718 35 93 39 9 1 10 2 2 1 10 1 56 1 1 21 9 1 0.0 
45.8247 126.5209 60.7687 74 85 59 22 1 10 4 1 1 10 1 62 1 0 49 95 1 0.0 
45.8035 126.5052 71.8307 54 82 100 17 3 10 4 2 1 10 1 57 1 1 30 47 1 0.0 
45.8088 126.5240 101.4863 6 87 87 18 2 10 4 1 1 10 0 54 0 0 44 91 1 0.0 
45.8153 126.5148 120.5702 46 87 29 48 1 10 2 2 1 10 0 13 1 1 85 48 1 0.0 
45.8093 126.5111 118.8850 4 92 83 46 3 10 3 2 1 10 1 30 0 1 88 56 1 0.0 
45.7934 126.5146 46.3998 76 76 88 12 3 10 3 2 1 10 1 23 0 0 86 52 1 0.0 
45.8089 126.5079 99.8684 3 81 93 47 4 10 4 1 1 10 1 13 1 1 42 64 1 0.0 
45.8237 126.5156 71.1705 90 80 74 24 1 10 1 1 1 10 0 84 1 1 73 50 1 0.0 
45.8210 126.5206 82.0807 75 89 77 11 3 10 2 1 1 10 0 89 0 0 5 93 1 0.0 
45.8194 126.5264 68.9775 57 82 72 27 2 10 3 1 1 10 0 16 1 1 27 66 1 0.0 
45.8242 126.5080 55.1730 19 88 75 31 2 10 3 2 1 10 0 31 1 1 19 86 1 0.0 
45.8090 126.5203 123.2921 49 99 96 28 3 10 2 2 1 10 1 49 1 1 74 79 1 0.0 
45.8226 126.5294 42.7177 18 74 14 7 1 10 4 1 1 10 0 26 1 1 21 22 1 0.0 
45.7986 126.5157 77.6918 42 81 5 12 1 10 4 2 1 10 1 99 1 0 41 47 1 0.0 
45.8023 126.5281 62.1397 90 76 66 26 3 10 4 2 1 10 1 94 1 0 31 68 1 0.0 
45.8094 126.5107 116.6361 41 98 11 26 1 10 2 2 1 10 1 43 0 0 10 30 1 0.0 
45.8057 126.5226 101.0628 63 100 22 25 3 10 4 2 1 10 1 74 0 0 98 61 1 0.0 
45.7934 126.5229 39.0768 89 95 3 45 1 10 3 1 1 10 1 35 0 1 95 13 1 0.0 
45.8156 126.5294 64.4280 87 84 17 15 2 10 3 2 1 10 0 78 1 1 28 29 1 0.0 
45.8027 126.5134 99.6674 41 92 54 1 3 10 4 2 1 10 1 60 0 1 74 24 1 0.0 
45.8133 126.5248 95.0358 37 81 77 40 1 10 2 2 1 10 1 47 0 0 83 57 1 0.0 
45.8065 126.5177 123.3720 58 81 69 23 4 10 1 2 1 10 0 99 1 0 21 18 1 0.0 
45.8190 126.5215 89.9896 3 93 72 39 4 10 2 2 1 10 0 85 0 1 54 42 1 0.0 
45.8030 126.5121 98.3248 40 95 15 1 2 10 3 2 1 10 0 8 0 0 74 20 1 0.0 
45.8021 126.5242 79.3333 72 100 81 32 1 10 3 2 1 10 1 33 0 1 66 70 1 0.0 
45.8018 126.5180 95.6772 33 84 10 20 2 10 4 2 1 10 1 8 1 1 87 21 1 0.0 
45.8059 126.5117 111.2948 50 89 81 11 3 10 1 2 1 10 1 59 0 0 57 44 1 0.0 
45.8237 126.5282 42.8551 32 85 2 17 3 10 2 1 1 10 0 46 1 1 96 39 1 0.0 
45.8161 126.5286 68.2364 98 75 70 15 4 10 4 1 1 10 0 95 1 1 76 64 1 0.0 
45.7975 126.5128 68.7202 1 84 17 9 3 10 2 2 1 10 0 41 0 1 98 71 1 0.0 
45.8156 126.5132 115.1828 80 82 79 29 4 10 4 2 1 10 1 14 1 0 83 23 1 0.0 
45.8127 126.5179 133.2929 57 73 51 28 1 10 3 2 1 10 1 37 1 0 20 46 1 0.0 
45.7946 126.5247 40.8975 31 85 10 18 2 10 3 2 1 10 0 28 0 0 18 9 1 0.0 
45.8006 126.5297 48.8631 55 75 65 21 2 10 3 2 1 10 0 50 1 1 9 13 1 0.0 
45.7966 126.5215 60.2475 23 97 100 34 1 10 2 2 1 10 0 15 1 0 39 75 1 0.0 
45.8015 126.5295 52.8489 82 73 56 9 4 10 3 2 1 10 1 98 0 0 82 85 1 0.0 
45.8063 126.5235 98.5285 46 89 16 40 1 10 2 1 1 10 0 62 0 0 65 11 1 0.0 
45.8225 126.5065 58.2676 7 80 42 18 1 10 4 2 1 10 0 24 0 0 73 54 1 0.0 
45.8027 126.5265 71.4884 1 72 76 3 3 10 1 1 1 10 0 42 0 0 28 49 1 0.0 
45.8237 126.5278 44.8206 18 96 65 27 4 10 4 2 1 10 1 4 0 0 38 35 1 0.0 
45.8008 126.5086 75.7895 15 94 70 30 2 10 4 2 1 10 1 96 0 1 33 77 1 0.0 
45.8049 126.5124 109.3446 12 91 80 17 1 10 2 2 1 10 1 7 0 1 56 82 1 0.0 
45.8239 126.5200 66.9327 58 99 49 13 2 10 1 1 1 10 0 42 1 0 88 61 1 0.0 
45.7956 126.5084 48.4978 14 78 92 38 3 10 4 2 1 10 1 12 0 1 28 9 1 0.0 
45.7955 126.5286 32.4691 88 97 78 26 4 10 3 2 1 10 0 13 1 1 59 78 1 0.0 
45.8143 126.5241 96.7784 43 95 46 48 2 10 1 1 1 10 0 11 1 1 62 60 1 0.0 
45.8064 126.5217 108.2526 19 77 13 18 3 10 4 1 1 10 1 16 0 1 50 86 1 0.0 
45.8228 126.5080 62.0449 98 77 62 32 1 10 4 2 1 10 1 63 0 0 33 84 1 0.0 
45.8022 126.5269 67.8677 35 77 7 44 2 10 1 1 1 10 1 99 0 1 65 24 1 0.0 
45.7994 126.5132 80.4867 59 95 69 35 2 10 2 2 1 10 1 37 0 0 10 25 1 0.0 
45.8096 126.5241 101.6884 63 97 80 16 3 10 2 2 1 10 0 26 1 1 16 59 1 0.0 
45.8115 126.5175 139.7517 53 70 78 33 4 10 4 2 1 10 1 31 1 1 19 9 1 0.0 
45.8101 126.5210 120.4286 89 100 67 18 3 10 3 2 1 10 1 35 0 0 36 29 1 0.0 
45.8167 126.5185 110.6208 6 89 4 16 4 10 4 1 1 10 1 21 1 0 94 6 1 0.0 
45.8242 126.5069 51.1362 59 89 33 35 4 10 3 1 1 10 1 28 1 0 7 20 1 0.0 
45.8147 126.5217 108.5468 39 82 62 44 2 10 1 1 1 10 0 90 1 0 90 65 1 0.0 
45.8228 126.5153 76.6456 66 77 36 3 1 10 2 2 1 10 0 4 0 0 55 70 1 0.0 
45.8165 126.5220 99.9745 16 91 13 3 4 10 3 2 1 10 0 48 0 0 1 80 1 0.0 
45.8030 126.5152 104.3597 99 82 15 49 2 10 2 2 1 10 1 54 0 0 79 99 1 0.0 
45.7965 126.5220 58.4278 88 94 32 16 1 10 1 2 1 10 1 34 0 0 33 23 1 0.0 
45.7953 126.5230 49.5989 22 87 79 16 2 10 1 1 1 10 1 97 1 1 42 48 1 0.0 
45.8180 126.5260 75.8798 85 85 37 26 3 10 2 2 1 10 0 96 0 0 63 45 1 0.0 
45.8159 126.5251 87.2967 82 71 80 13 4 10 3 2 1 10 0 62 0 1 30 72 1 0.0 
45.8093 126.5089 106.2935 86 70 51 41 4 10 4 1 1 10 1 35 1 1 16 42 1 0.0 
45.8158 126.5155 118.8635 18 79 21 8 1 10 4 1 1 10 1 65 1 1 56 75 1 0.0 
45.8042 126.5110 101.2387 1 97 36 46 1 10 4 1 1 10 0 37 1 0 57 20 1 0.0 
45.8237 126.5051 47.2716 67 82 46 6 3 10 4 1 1 10 1 29 0 0 50 21 1 0.0 
45.8186 126.5139 100.1978 29 92 14 32 1 10 2 1 1 10 0 94 1 1 40 96 1 0.0 
45.8027 126.5053 69.6093 49 96 30 38 2 10 4 2 1 10 0 44 0 1 84 11 1 0.0 
45.7941 126.5287 25.5122 91 71 72 11 2 10 4 1 1 10 1 17 1 1 9 35 1 0.0 
45.8212 126.5215 78.7438 4 81 49 2 3 10 3 2 1 10 0 40 1 0 34 8 1 0.0 
45.7947 126.5165 54.3603 35 94 44 18 1 10 2 2 1 10 0 85 1 0 13 99 1 0.0 
45.8177 126.5089 89.6887 52 82 13 26 2 10 2 2 1 10 0 42 1 1 34 98 1 0.0 
45.7941 126.5065 35.2500 61 70 41 7 1 10 1 1 1 10 0 75 1 0 95 73 1 0.0 
45.8000 126.5179 85.6971 27 83 87 38 3 10 1 1 1 10 1 5 1 0 28 80 1 0.0 
45.8171 126.5065 80.3832 6 73 77 45 3 10 4 2 1 10 0 58 1 0 69 91 1 0.0 
45.8036 126.5219 95.5109 28 84 42 15 4 10 4 1 1 10 1 96 1 0 49 15 1 0.0 
45.8178 126.5294 59.1947 54 72 49 18 1 10 4 2 1 10 0 65 0 1 77 79 1 0.0 
45.8028 126.5174 102.4353 64 92 84 44 2 10 3 2 1 10 1 31 1 0 8 43 1 0.0 
45.8168 126.5074 86.0104 34 85 55 25 3 10 3 1 1 10 1 64 1 1 81 93 1 0.0 
45.8112 126.5108 118.1677 13 91 18 35 2 10 1 1 1 10 1 79 0 0 36 85 1 0.0 
45.7986 126.5287 45.8953 30 96 21 22 3 10 4 1 1 10 1 52 1 1 87 74 1 0.0 
45.8136 126.5193 123.5462 8 94 11 6 4 10 2 2 1 10 0 22 0 0 25 27 1 0.0 
45.8222 126.5202 76.3142 93 75 56 1 3 10 1 1 1 10 0 42 1 0 49 86 1 0.0 
45.8223 126.5268 54.8432 31 81 9 28 4 10 4 1 1 10 1 1 0 0 75 90 1 0.0 
45.8021 126.5076 77.7668 75 82 53 36 3 10 2 2 1 10 0 9 0 1 17 5 1 0.0 
45.8074 126.5246 95.5784 21 85 58 40 3 10 4 1 1 10 0 83 0 1 9 35 1 0.0 
45.7953 126.5133 56.9136 95 70 7 49 4 10 3 2 1 10 0 86 0 0 43 49 1 0.0 
45.8071 126.5145 126.5837 26 92 88 40 2 10 2 1 1 10 1 91 0 1 39 52 1 0.0 
45.7989 126.5238 65.9333 77 82 45 23 3 10 3 2 1 10 1 77 1 0 24 17 1 0.0 
45.8227 126.5143 76.6765 85 74 87 12 2 10 1 2 1 10 0 85 1 1 71 76 1 0.0 
45.8155 126.5151 120.1243 87 85 66 37 1 10 1 1 1 10 1 43 0 1 24 69 1 0.0 
45.7983 126.5200 72.3322 49 74 100 37 1 10 1 1 1 10 1 12 1 0 1 94 1 0.0 
45.7995 126.5176 82.6567 99 98 11 18 4 10 1 2 1 10 0 14 0 0 64 47 1 0.0 
45.8201 126.5187 90.8916 21 76 76 40 4 10 1 1 1 10 0 68 0 0 76 56 1 0.0 
45.8130 126.5284 74.8833 74 96 26 42 4 10 4 2 1 10 0 43 1 1 66 43 1 0.0 
45.8143 126.5138 123.8050 69 90 25 19 1 10 2 2 1 10 1 59 0 0 10 78 1 0.0 
45.7989 126.5285 47.6082 42 95 32 45 1 10 1 2 1 10 0 99 0 1 98 32 1 0.0 
45.8059 126.5127 114.9587 99 70 3 1 2 10 4 1 1 10 0 91 0 1 27 38 1 0.0 
45.8216 126.5080 67.8754 47 92 16 11 2 10 2 2 1 10 0 88 1 0 69 79 1 0.0 
45.8228 126.5145 75.8857 80 81 59 15 3 10 1 1 1 10 0 45 1 0 24 51 1 0.0 
45.8091 126.5277 80.0223 2 84 75 48 3 10 2 2 1 10 1 95 1 0 91 98 1 0.0 
45.7964 126.5152 64.8539 87 93 66 25 3 10 3 1 1 10 1 59 0 0 5 91 1 0.0 
45.8023 126.5148 99.4778 48 92 26 29 4 10 2 1 1 10 0 39 0 1 60 7 1 0.0 
45.8165 126.5050 74.6919 92 98 40 32 4 10 3 1 1 10 0 61 0 1 63 12 1 0.0 
45.8191 126.5056 68.7184 51 92 93 28 1 10 1 1 1 10 1 11 1 1 25 4 1 0.0 
45.8078 126.5131 125.5929 75 95 39 46 3 10 3 1 1 10 0 43 0 1 58 52 1 0.0 
45.8215 126.5059 60.2792 37 73 71 8 1 10 3 2 1 10 0 21 1 0 68 44 1 0.0 
45.8020 126.5259 71.7878 35 77 9 22 2 10 2 2 1 10 0 2 1 1 13 65 1 0.0 
45.8010 126.5269 63.6721 1 91 18 48 1 10 3 2 1 10 0 95 1 1 11 49 1 0.0 
45.8096 126.5197 127.6368 87 92 87 2 4 10 1 2 1 10 0 37 1 1 60 4 1 0.0 
45.8116 126.5259 91.0643 91 98 58 30 3 10 3 1 1 10 0 18 0 1 79 75 1 0.0 
45.8040 126.5097 95.0186 25 94 80 41 4 10 1 2 1 10 1 51 1 0 56 11 1 0.0 
45.8249 126.5117 60.0598 65 99 46 22 4 10 3 2 1 10 1 91 0 0 36 29 1 0.0 
45.8117 126.5215 117.2084 33 82 29 32 4 10 1 1 1 10 0 29 1 0 7 27 1 0.0 
45.8100 126.5121 125.5974 18 78 64 11 2 10 1 1 1 10 0 65 1 0 40 58 1 0.0 
45.7963 126.5158 64.3168 84 85 31 27 2 10 4 1 1 10 0 8 0 1 74 2 1 0.0 
45.8066 126.5235 99.4501 97 80 31 45 4 10 1 2 1 10 0 6 1 0 14 43 1 0.0 
45.8201 126.5126 88.9807 92 86 64 26 1 10 1 1 1 10 1 27 0 0 12 43 1 0.0 
45.8037 126.5163 108.5042 64 96 8 30 3 10 4 2 1 10 0 41 0 0 46 42 1 0.0 
45.8105 126.5096 110.8344 49 78 63 29 3 10 1 1 1 10 0 69 0 1 76 68 1 0.0 
45.8021 126.5125 94.3834 26 94 4 32 3 10 4 1 1 10 1 48 1 0 3 95 1 0.0 
45.7934 126.5136 45.4599 29 75 75 46 4 10 4 2 1 10 0 16 1 0 9 36 1 0.0 
45.8136 126.5261 87.1853 20 97 49 13 3 10 1 1 1 10 0 78 1 1 6 19 1 0.0 
45.8097 126.5197 127.5092 85 98 42 24 2 10 4 2 1 10 1 45 0 1 70 44 1 0.0 
45.8060 126.5059 82.7868 5 95 40 35 3 10 1 2 1 10 1 58 1 0 80 22 1 0.0 
45.7961 126.5129 61.0107 81 72 79 19 1 10 1 1 1 10 0 60 0 1 67 70 1 0.0 
45.8154 126.5054 79.7664 98 83 57 7 2 10 1 1 1 10 1 31 0 0 79 6 1 0.0 
45.8155 126.5097 101.8826 75 84 99 44 2 10 3 1 1 10 1 49 1 0 6 61 1 0.0 
45.8083 126.5211 116.8788 34 71 40 36 2 10 3 2 1 10 0 83 0 1 56 31 1 0.0 
45.7957 126.5246 47.2610 4 73 44 44 3 10 3 2 1 10 1 35 0 1 26 33 1 0.0 
45.8062 126.5260 85.0833 14 92 38 5 4 10 4 1 1 10 0 70 1 0 33 39 1 0.0 
45.8114 126.5069 94.3912 55 81 9 14 4 10 2 2 1 10 1 26 0 1 14 74 1 0.0 
45.7940 126.5081 39.2642 76 85 91 9 2 10 4 2 1 10 0 93 0 0 11 91 1 0.0 
45.8220 126.5201 77.1440 50 73 56 7 3 10 3 2 1 10 1 5 1 0 32 86 1 0.0 
45.7951 126.5072 42.9306 44 99 59 20 2 10 1 2 1 10 1 59 1 1 43 79 1 0.0 
45.8131 126.5079 98.2978 7 88 51 31 3 10 2 1 1 10 1 50 0 0 35 37 1 0.0 
45.7979 126.5179 72.8461 90 98 93 45 1 10 2 1 1 10 1 72 1 0 70 47 1 0.0 
45.7961 126.5081 50.6086 75 99 23 1 2 10 1 2 1 10 1 54 0 0 11 32 1 0.0 
45.8185 126.5173 101.8491 62 73 84 21 2 10 1 1 1 10 1 84 1 1 96 3 1 0.0 
45.8030 126.5060 73.8044 38 91 23 16 4 10 3 2 1 10 0 4 1 1 51 95 1 0.0 
